CHR ID1 HID1 ID2 HID2 BP.start BP.end site.start site.end cM FAM1 FAM2
22 1028 0 1688 1 14431347 17650505 0 999 9.50621 -1 -1
22 1095 0 1504 0 15655946 16694612 114 647 4.22836 -1 -1
22 1096 0 1450 0 14431347 16101679 0 380 4.05221 -1 -1
22 1106 0 1804 0 15478271 16782022 60 701 4.65881 -1 -1
22 1120 1 1210 1 15585629 17650505 81 999 7.51311 -1 -1
22 1128 0 1318 1 14431347 16451100 0 512 5.86215 -1 -1
22 1128 0 1932 0 16416930 17456900 504 899 3.45326 -1 -1
22 1129 1 1172 1 15955367 16830384 294 725 3.48622 -1 -1
22 1150 1 1232 0 15523587 17650505 66 999 7.66255 -1 -1
22 1164 1 1562 0 14431347 17650505 0 999 9.50621 -1 -1
22 1180 0 1599 1 15630306 16842923 99 737 4.48443 -1 -1
22 1211 1 1975 0 14431347 17650505 0 999 9.50621 -1 -1
22 1225 1 1291 1 15449907 17650505 48 999 7.72343 -1 -1
22 1236 0 1757 1 15898744 17459243 276 902 6.38767 -1 -1
22 1276 1 1474 0 14431347 16277884 0 452 5.31493 -1 -1
22 1278 0 1448 0 14431347 17650505 0 999 9.50621 -1 -1
22 1291 0 1517 1 15407252 16744470 42 674 4.76021 -1 -1
22 1342 0 1669 1 15689531 17650505 144 999 7.31401 -1 -1
22 1358 1 1594 0 14431347 17650505 0 999 9.50621 -1 -1
22 1367 0 1827 1 15600457 16489831 90 542 3.8904 -1 -1
22 1388 0 1475 0 14431347 17650505 0 999 9.50621 -1 -1
22 1396 0 1642 0 15715460 16964355 177 788 4.86613 -1 -1
22 1440 1 1695 1 15600457 16897768 90 755 4.77737 -1 -1
22 1443 1 1667 0 14431347 17650505 0 999 9.50621 -1 -1
22 1459 0 1758 0 14431347 16097728 0 374 3.9378 -1 -1
22 1480 1 1957 0 15523587 16510466 66 554 4.05864 -1 -1
22 1502 0 1733 0 15817792 17650505 237 999 6.90069 -1 -1
22 1559 1 1609 0 15898744 16694612 276 647 3.61333 -1 -1
22 1568 1 1606 1 15644819 17650505 108 999 7.44979 -1 -1
22 1577 1 1731 0 15846625 17650505 255 999 6.89037 -1 -1
22 1588 1 1694 0 14431347 17650505 0 999 9.50621 -1 -1
22 1603 1 1851 1 14431347 17650505 0 999 9.50621 -1 -1
22 1613 1 1930 1 14431347 15992696 0 317 3.18963 -1 -1
22 1663 0 1709 1 14431347 16276479 0 449 5.31214 -1 -1
22 1672 1 1846 1 14431347 16369139 0 482 5.65261 -1 -1
22 1702 0 1705 1 14431347 17650505 0 999 9.50621 -1 -1
22 1702 0 1840 0 14431347 16096578 0 371 3.91082 -1 -1
22 1705 1 1840 0 14431347 16096578 0 371 3.91082 -1 -1
22 1733 0 1789 1 14431347 16260251 0 434 5.24073 -1 -1
22 1820 1 1891 0 14431347 16260251 0 434 5.24073 -1 -1
