> start 0
1.0000000000
0.0007383019
0.0000068054
0.0000182486
0.0000000331
0.0000052428
0.1144745578
0.0000078678
0.0000044408
0.1906464197
0.0249288039
0.0000724879
0.0409574465
0.0001869659
0.0114000729
0.0219659106
0.3986749228
0.0002513010
0.0001185020
0.0669031944
0.0018072322
0.0426895504
0.0888975348
0.5365861571
0.0726617460
0.1107950662
0.0145049489
0.0846273326
0.2499276975
0.0000789501
0.0392985355
0.1690801596
0.0005390566
0.0000009033
0.0000000489
0.0000000334
0.0000001756
0.0002355624
0.0026683360
0.6447534804
0.0469085871
0.0203143483
0.0015376842
0.0006072858
0.0001730580
0.0018735068
0.2325679583
0.0000173897
0.0000084639
0.0000004016
0.0000000037
0.0000000052
0.0238123732
0.0000000344
0.0000000034
0.0000000023
0.0000000243
0.0000000089
0.0000103685
0.0143122060
0.8519618270
0.0004151429
0.0002400500
0.0000001338
0.0000038961
0.0000000038
0.0000000029
0.0000000024
0.0000004357
0.0000005158
0.0000003744
0.0000002334
0.0016129350
0.0015651479
0.0004042273
0.0030640502
0.0003670344
0.0227157255
0.0000056053
0.0002031834
0.0162486952
0.0005227816
0.0116713112
0.0102439012
0.0025896487
0.0000359453
0.0000425203
0.0000109708
0.0000143948
0.0000200607
0.0000038583
0.0000128080
0.0000098205
0.0335173257
0.0133066539
0.0000001544
0.0001371837
0.0003425976
0.0005241808
0.5859164134
0.0003173476
0.0000000046
0.0000000062
0.0000000009
0.0000000010
0.0000000021
0.0000000031
0.0000000026
0.0000000075
0.0000000216
0.0000003472
0.0000037795
0.0000041800
0.0000104828
0.0002022693
0.0005073174
0.0019177273
0.0020711233
0.0191075346
0.0649593954
0.0000377676
0.0000936711
0.0000283814
0.0000189325
0.0004406350
0.5553714396
0.5154190960
0.1309752342
0.0010582190
0.0000036008
0.0000677195
0.0000842285
0.0000001647
0.0000002713
0.0000001336
0.0000000725
0.0000000448
0.0000000463
0.0000894706
0.0023930208
0.0000296286
0.0000370220
0.0000759591
0.0000906882
0.0023791978
0.0073374256
0.0030211147
0.0072702219
0.0147106223
0.0086338280
0.0342814943
0.0128631940
0.0337553748
0.0276073946
0.0215571843
0.0002257879
0.0009144968
0.0000397867
0.0000468180
0.0000420663
0.0065249142
0.1926998570
0.0305036949
0.0000326278
0.0000180804
0.0000109106
0.0000020187
0.0000021390
0.0000052018
0.0000017517
0.0000013719
0.0000112400
0.0000105335
0.0000033256
0.0000039810
0.0000171944
0.0000036375
0.0000029126
0.0000040669
0.0000023883
0.0000009583
0.0000005269
0.0000005534
0.0000008286
0.0000006040
0.0000005301
0.0000004098
0.0000004616
0.0000005759
0.0000009134
0.0000148299
0.0565862402
0.0000022747
0.0000011873
0.0000022888
0.0000024223
0.0000007905
0.0133402660
0.0000014380
0.0000001850
0.0000002612
0.0000000011
0.0000000058
0.0000402191
0.0000176021
0.0000145027
0.0000261040
0.0120092976
0.0398634584
0.3821288593
0.0065368275
0.0000181881
0.0039812349
0.0011604032
0.0010235151
0.0026999316
0.0096598261
0.0000005386
0.0000001320
0.0000000930
0.0000002130
0.0000001513
0.0001414589
0.0013132848
0.0015639306
0.0225725085
0.0412254658
0.0000208330
0.0000246219
0.0000015431
0.0000039066
0.0000068525
0.0040552509
0.0168348922
0.0037642206
0.0058814458
0.0016112507
0.1628799085
0.0071003970
0.0005620954
0.0675856793
0.0008099245
0.0000202666
0.0202054869
0.0251458037
0.0000012561
0.0000011692
0.0000014218
0.0000012103
0.0000008451
0.0000016353
0.0000051611
0.0002617320
0.0001512808
0.0001648627
0.0005705969
0.0021407653
0.0142277925
0.0000006355
0.0000153785
0.0074497000
0.9124373908
0.0058576549
0.0007433333
0.0283991012
0.0000026089
0.0000002482
0.0000000004
0.0000004069
0.0000005155
0.0000012267
0.0000082047
0.0000032206
0.0000051610
0.0000019627
0.0000050791
0.0000018631
0.0000023815
0.0000015915
0.0000028496
0.0000049236
0.0000173462
0.0442541731
0.0000537788
0.0012925443
0.2318822444
0.0000002688
0.0000000163
0.0000000354
0.0254457914
0.0000000323
0.0127798633
0.0000010659
0.0000009899
0.0000000189
0.0000000077
0.0000000179
0.0000020874
0.0470674613
0.0000034333
0.0000011587
0.0000021216
0.0000219591
0.0902181995
0.0000041724
0.0000044880
0.0153191505
0.0000044918
0.0000617620
0.4075092618
0.6148777238
0.0004426892
0.0486904020
0.4681465562
0.0316268157
0.0000295230
0.0000188474
0.0000020701
0.0008901379
0.1161676293
0.0000354627
0.0000149032
0.0000310055
0.1375029824
0.0000524994
0.0005786702
0.0082469251
0.0001693691
0.0001037058
0.0000239510
0.0265642117
0.0000233716
0.0000128463
0.0000220207
0.0158211057
0.0000003348
0.0000008933
0.0000077306
0.0000098294
0.0000100820
0.0000057442
0.0000127121
0.1867803917
0.0076846245
0.0008376120
0.1785454580
0.0069339096
0.0221585928
0.0000527049
0.0000584913
0.0000002744
0.0000002761
0.0000169536
0.0000147030
0.0000170945
0.0000133007
0.0000110083
0.0000403852
0.0280516742
0.0047278620
0.2216319012
0.0175381546
0.0550574098
0.0039274388
0.0030835763
0.0019149639
0.0019357520
0.0030334503
0.0000001664
0.0000000731
0.0274218878
0.0000000568
0.0000000454
0.0000000501
0.0000000760
0.0068401021
0.0037348934
0.0031158594
0.0000000545
0.0000000442
0.0000001006
0.0000001313
0.0000002363
0.0001425404
0.0001982428
0.0770756938
0.0108436907
0.1243391942
0.0000137448
0.0000000178
0.0000000067
0.0000000053
0.0000000048
0.0000000094
0.0000000102
0.0000120681
0.0000170868
0.0000351704
0.0164870100
0.0000123491
0.6592268925
0.0000082893
0.0006899857
0.0049968422
0.0017414658
0.8991416158
0.0009731448
0.0023338283
0.0000268007
0.0000103632
0.1165164398
0.3192528319
0.0000094726
0.0000015398
0.0000013320
0.0000000559
0.0000001614
0.0000003949
0.0000004126
0.0000014539
0.0000023284
0.0000136196
0.0025654580
0.0864751970
0.0002165535
0.0000001448
0.0000506688
0.0000387042
0.0000400288
0.0003840918
0.0243973333
0.0001046690
0.1443650776
0.0003569804
0.0011355275
0.0140736788
0.0000012392
0.2722783955
0.0037440099
0.0000024414
0.0000537783
0.0000248446
0.0247098970
0.5689465499
0.0291000313
0.1586174533
0.0016945261
0.0000000541
0.0000000225
0.0000000190
0.0000000357
0.0000000159
0.0000001307
0.0000001415
0.0000001031
0.0018167098
0.0010429367
0.0780857531
0.0000102884
0.0000060183
0.0000068844
0.0000102491
0.0000055018
0.0000005122
0.0174489749
0.0006153578
0.0006540502
0.0003185847
0.0002352726
0.0002047949
0.0001375863
0.0000826069
0.0001659542
0.0002113534
0.0005106687
0.0001460787
0.0002417470
0.0002954399
0.0006869559
0.0056207495
0.0000000173
0.0000175757
0.1935369729
0.0258703543
0.0190010360
0.0022770769
0.0000171225
0.0000954620
0.0001577805
0.9103735989
0.0002194770
0.0001536747
0.0061358540
0.0000114672
0.0000077450
0.0000075918
0.0000056802
0.0000001171
0.0000000703
0.0000120254
0.0000099868
0.0000238699
0.0227781546
0.0001770894
0.0009919426
0.0034320616
0.0062973434
0.0066872245
0.0016629383
0.0177413778
0.0084308043
0.0044617843
0.0001767381
0.0000736690
0.0000024984
0.0000010215
0.0000007615
0.0000016137
0.0000025499
0.0000457869
0.0000527851
0.0000472198
0.0001844020
0.0001067765
0.0290367272
0.0295210001
0.0022308429
0.4941551436
0.4006140997
0.2625573090
0.0353300243
0.0518380046
0.0003855205
0.0311643656
0.0000043205
0.0015983999
0.0098766789
0.2447677206
0.3897815580
0.2110118400
0.0002115744
0.0000004206
0.0000002605
0.0000002697
0.0000002312
0.0004260693
0.0004705606
0.0012958030
0.5100025054
0.4013366018
0.0002828030
0.0000996561
0.0000047591
0.0000202010
0.0043764329
0.0095647734
0.0001752460
0.0000216985
0.0000107461
0.1242464666
0.0240379094
0.0129508361
0.0914664983
0.0054222038
0.0165492687
0.0183494804
0.4033995487
0.0000077184
0.0000057731
0.0000066702
0.0174386799
0.0000079668
0.0526666774
0.0174311871
0.0000145137
0.0000044855
0.0174477797
0.0000088771
0.0000077082
0.0000462218
0.0022123700
0.3978638800
0.0000426007
0.0157444779
0.0149058219
0.0000073002
0.0000000891
0.0000006867
0.0019816711
0.0014057093
0.1490135627
0.0001330993
0.0001372780
0.0001355382
0.0000299864
0.0289553766
0.0000186519
0.0000468262
0.0043912397
0.1130987134
0.0002342667
0.0000833175
0.0000000048
0.0000000031
0.0000008838
0.0000525929
0.0000185856
0.0001137883
0.0000000416
0.0002613593
0.0005881226
0.2004816525
0.0000085977
0.0275042601
0.1089006218
0.0040354661
0.0000021286
0.0000005785
0.0000011471
0.0006311554
0.2210768572
0.0070486740
0.0032958493
0.6711345103
0.0019808711
0.0000060880
0.0000044917
0.0000160162
0.0000085700
0.0000094511
0.0000468665
0.1304478691
0.0617422344
0.0067558550
0.2404399108
0.5353397975
0.0000067728
0.0000002617
0.0000000901
0.0000000034
0.0005101296
0.0342725670
0.0000000028
0.0000000073
0.0000000029
0.0000000122
0.0000001178
0.0000076779
0.0000008417
0.0000010047
0.0000007480
0.0003271854
0.0358282209
0.0000125901
0.0000194207
0.0000396840
0.6149939077
0.0173163553
0.0832476102
0.0001088468
0.0000925175
0.0001026638
0.0000114302
0.0000188048
0.0000154228
0.0006908010
0.0438519687
0.0004065148
0.0001125910
0.0000546160
0.0166827445
0.0074360862
0.0001696757
0.0001271894
0.0001414778
0.0000700688
0.0000360698
0.0000198979
0.0000216768
0.0000393722
0.0000186144
0.0000281144
0.0000285718
0.0000374817
0.0000672062
0.0000967026
0.0081583108
0.0099384918
0.0217467121
0.0062715282
0.0065232778
0.0071213210
0.0148899820
0.0000268093
0.0000329394
0.0000295363
0.0000403162
0.0012163007
0.3595389906
0.0004388425
0.0013439625
0.0212413503
0.0133377070
0.0098870746
0.0251705345
0.0026196902
0.0015755982
0.0011668983
0.0897522569
0.0047741349
0.1648519794
0.0029471080
0.0033501365
0.0042498468
0.0001187018
0.0035034723
0.1023421227
0.0000613158
0.0000657754
0.0000510522
0.0007005940
0.0003806918
0.0085331976
0.0031745061
0.0264085579
0.0000329701
0.0000163985
0.0001670209
0.0000011383
0.0000007996
0.0000022214
0.0000008525
0.0000006900
0.0000005340
0.0000014848
0.0000020168
0.0001053029
0.0001906612
0.0005813454
0.0002170438
0.0003656187
0.4995733085
0.0401253058
0.0002249497
0.0000863855
0.0224466785
0.0000709502
0.0000348903
0.0397590756
0.0000009145
0.0000007174
0.0000012350
0.0000008264
0.0000382201
0.0000652194
0.0000402552
0.0000584169
0.1124345795
0.0000470464
0.0000114194
0.2395138802
0.7094628225
0.0008942128
0.0340080449
0.0008263441
0.0000066830
0.0000488956
0.0000151722
0.0000355293
0.0000135137
0.0000139807
0.0000090593
0.0199486320
0.0000026122
0.0000094762
0.0000133623
0.0003948504
0.4921859978
0.0688912462
0.0001358638
0.0000622672
0.0000553760
0.0000608011
0.0000352017
0.0000090320
0.0000205287
0.0000150437
0.0000261300
0.0000751620
0.0001592270
0.0002125185
0.0003281167
0.0003705458
0.0003420069
0.0330124980
0.0002196503
0.0001249878
0.0001014112
0.0004437241
0.0001662721
0.0001134637
0.0010054813
0.0005346479
0.0110881737
0.0170452003
0.0000116177
0.0000252459
0.0000455617
0.1822816060
0.0000014327
0.0000010333
0.0000003800
0.0000008700
0.0000016191
0.0000035692
0.0000011186
0.0000012415
0.0000005512
0.0000007619
0.0000010734
0.0000005882
0.0000004510
0.0166094248
0.0000000153
0.0000000137
0.0000000184
0.0000000185
0.0000000148
0.0000076077
0.0467014975
0.0000113517
0.0050481385
0.1160475705
0.1585891327
0.0000795443
0.0000372549
0.0000005990
0.0000006274
0.0000009022
0.0000026996
0.0000017418
0.0000024077
0.0000320727
0.0001050092
0.6998077719
0.2765822804
0.0231790031
0.0004978433
0.0519122866
0.0004249041
0.0001532760
0.0001214135
0.0002657400
0.0001542020
0.0002357739
0.1831390157
0.0002783083
0.0003516953
0.0000003952
0.0000002979
0.0000003032
0.0000002855
0.0000002541
0.0000002541
0.0033812412
0.0567342124
0.0000261028
0.0000010341
0.0000004640
0.0000004588
0.0000003625
0.0000002257
0.0000004242
0.0055048812
0.0459473252
0.0000654353
0.0000708003
0.0004126788
0.0005403198
0.0006462927
0.0013796552
0.0011464760
0.0010444920
0.0017714701
0.0008234657
0.0006674128
0.0008302626
0.0011316398
0.0018972746
0.0072223485
0.0064862698
0.0014631124
0.0020607238
0.0004943797
0.0002513373
0.0001486753
0.0002793233
0.0005990207
0.0204086973
0.0022127382
0.2597106676
0.0002225482
0.0001516038
0.0001708888
0.0001329343
0.0000725985
0.0000750269
0.0001042365
0.0001062088
0.0000651553
0.0024463811
0.1367960790
0.0080667388
0.0000096799
0.0000045266
0.0000014219
0.0000012221
0.0000066826
0.0000146795
0.0000264379
0.0000398177
0.0002308230
0.0001313926
0.0000715457
0.0001737498
0.0789441852
0.0001727277
0.0007239079
0.0010486491
0.0006506124
0.0004698490
0.6034913169
0.0019821101
0.0019503677
0.0608256362
0.0997467355
0.0203684718
0.0000381660
0.0000121844
0.0000066801
0.0000095793
0.0000023367
0.0212292814
0.0000000481
0.0000007234
0.0000105573
0.0000040381
0.0000019272
0.0000016963
0.0000014523
0.0000024458
0.0000065662
0.0000000979
0.0000005287
0.0000007639
0.0000018836
0.0000031466
0.0000289918
0.0000895824
0.0368433597
0.9688274840
0.0003607421
0.0000254370
0.0082472220
0.0091200838
0.0000092188
0.0166876154
0.0667730464
0.0000170139
0.0667079063
0.0012701422
0.0007007792
0.1779413182
0.0022620909
0.0141498767
0.6368096635
0.2835568901
0.0021811272
0.0015388508
0.0000001105
0.0000000138
0.0000000016
0.0000000012
0.0000002426
0.0000062997
0.0000110730
0.0000000031
0.0000000021
0.0000000169
0.0000000201
0.0000075015
0.2755483196
0.0199046055
0.0000023793
0.0000019452
0.0532074272
0.0000000074
0.0000000034
0.0000002885
0.0000001393
