> start 0
1.0000000000
0.0008072119
0.0005487991
0.0000045115
0.0490154566
0.0001869956
0.0348697148
0.0261992367
0.1629592361
0.1375605375
0.0450306258
0.0000024808
0.0000013199
0.0000013788
0.0000010542
0.0000013793
0.0000021177
0.0000019507
0.0000033699
0.4507849757
0.0000430867
0.1142100023
0.0001107837
0.0214503971
0.0000098772
0.0000086805
0.0000097867
0.0000152765
0.0181822344
0.0000838869
0.0002537489
0.0180443615
0.1550620142
0.0223464349
0.0000027896
0.0000046393
0.0005412372
0.0728376290
0.0000960975
0.0001563532
0.0001181084
0.0604265216
0.1344558256
0.0922156063
0.2261672253
0.0001962843
0.0001382003
0.0179739725
0.2463396829
0.0681039018
0.0000275686
0.0000145979
0.0000205002
0.0003344669
0.4113341720
0.0005945704
0.0000030331
0.0000000032
0.0000000015
0.0000000010
0.0000000008
0.0000000012
0.0000000028
0.0000000033
0.0000000037
0.0000000032
0.0000001121
0.0001095897
0.2141254751
0.0569612022
0.1361245083
0.0023898948
0.0000459312
0.0813364955
0.0000103428
0.0195929828
0.1537955648
0.0323577890
0.0636346359
0.0000014470
0.0000005498
0.0000012483
0.0000028732
0.0000002688
0.0006769008
0.0558395965
0.1641988745
0.0301206923
0.0026777358
0.0946763436
0.0014582431
0.0075552390
0.3814455258
0.0056399304
0.1580356686
0.0014653959
0.0097903469
0.0000002714
0.0000043054
0.0000000053
0.0000000050
0.0000000022
0.0000000019
0.0000003033
0.0000010874
0.0086614922
0.0019094873
0.0012968229
0.0004406485
0.0000000378
0.0001251335
0.0546783320
0.6252621564
0.1062026662
0.0000036354
0.0000007941
0.0000008023
0.0000000104
0.0000000136
0.0000000120
0.0000021196
0.0000000056
0.0000402081
0.0870394427
0.0009556370
0.0029712341
0.0010626523
0.0007371473
0.0006161690
0.0007672602
0.0010751501
0.0006170130
0.0007617513
0.0013964437
0.0015574569
0.0000011172
0.0000006906
0.0000012090
0.0000015831
0.0000087778
0.4520993888
0.0004031750
0.0002325785
0.0000253522
0.0000307189
0.0000459967
0.0000024926
0.0000020457
0.0000008305
0.0000008254
0.0000009801
0.0000003616
0.0000003343
0.0000138003
0.0235465490
0.0000177377
0.0000155958
0.0000041428
0.0000065745
0.0224911103
0.0003069946
0.0000044563
0.0000024686
0.0000021667
0.0000013356
0.0000002429
0.0000002817
0.0000003772
0.0000517429
0.0000002279
0.0000152045
0.0634029039
0.0074572081
0.0003712865
0.0000000213
0.0000000724
0.0000000103
0.0000000084
0.0000000095
0.0000000166
0.0000000243
0.0000000304
0.0007070334
0.0013988615
0.0045573541
0.0497867803
0.8523737940
0.0012251982
0.0000045508
0.0000004178
0.0000005631
0.0000431464
0.0001861959
0.0000302763
0.0001433320
0.0001477965
0.0000418630
0.0000063315
0.1282693753
0.0000175171
0.0000000837
0.0056276325
0.0078776983
0.0000000014
0.0000000020
0.0000000122
0.0000000187
0.0000071468
0.0000008638
0.0000046288
0.0000006810
0.0000004067
0.0000347797
0.4351027604
0.7295391512
0.0013007420
0.0006659765
0.0000002786
0.0000002738
0.0000003026
0.0000003905
0.0000001697
0.0000002486
0.0000000206
0.0000007450
0.0000015406
0.0578955902
0.0000815680
0.0000006907
0.0000003616
0.0000003716
0.0000040512
0.0000088047
0.0000826190
0.0001227954
0.0000412594
0.0000456077
0.0002876061
0.0006938225
0.0001272280
0.0001128760
0.0001190621
0.0000002751
0.0000006613
0.0003574666
0.0804079061
0.0028155807
0.0097784112
0.0000203031
0.0000200470
0.0000109807
0.0000081977
0.0000116352
0.0000103139
0.0000698718
0.0003372152
0.0001370380
0.0000004318
0.0008768180
0.0007090221
0.0038828557
0.7306376797
0.0022019188
0.0000386038
0.0000003564
0.0000957968
0.0687353905
0.0436294744
0.1541205624
0.0378502309
0.0136550046
0.0000521537
0.0000047434
0.0914716634
0.0071299320
0.0000671479
0.0000023857
0.0000013842
0.0000101938
0.0000000205
0.0000000179
0.0000000269
0.0000000143
0.0000000081
0.0000000338
0.0000000257
0.0000000105
0.0000000068
0.0000000102
0.0000000157
0.0000002721
0.0000010342
0.0101412491
0.0004219271
0.4975893945
0.9298991647
0.0040929222
0.0670959243
0.0018890880
0.0029673282
0.0000167111
0.0074592112
0.0695427726
0.0000020974
0.0000000663
0.0000000478
0.0000013823
0.0000451403
0.0000200389
0.0003627737
0.0167630596
0.3430509473
0.0204774013
0.0000680504
0.0001349276
0.0282629947
0.0001779331
0.0170098174
0.0000001797
0.0000070238
0.0000027361
0.0014710657
0.0817917937
0.0800298980
0.0196707054
0.3084950832
0.0000267207
0.0367495140
0.0743306768
0.0210216204
0.0010986044
0.0007952747
0.0000000000
0.0000000010
0.0000000011
0.0000000006
0.0000000030
0.0000000262
0.0000000038
0.0009494998
0.0000239721
0.1131349524
0.0368189479
0.1841576740
0.0000291139
0.0298841998
0.5325384629
0.0644106902
0.0491874359
0.0187005479
0.1902643636
0.0000179820
0.0000074321
0.1080490411
0.0000456359
0.3474341565
0.0148689177
0.0000030997
0.0000029658
0.0000047520
0.0148936646
0.0000000173
0.0000031205
0.0000038353
0.0000044876
0.0001902223
0.0011865775
0.0543310458
0.3491410306
0.3910899713
0.0387099801
0.0002932877
0.0000062757
0.0001531901
0.0007605226
0.2180998371
0.0000525451
0.2394811210
0.3381711994
0.1191509063
0.0031540119
0.0093481040
0.0256166316
0.1719397395
0.2446193450
0.0012179737
0.0253131992
0.6236031489
0.0006932939
0.0826364188
0.0000737186
0.0000671461
0.0005094842
0.0000029997
0.0143020666
0.0000180235
0.3300928957
0.1965351224
0.0220218538
0.0254373030
0.0014882107
0.0008285927
0.0000069224
0.1657370002
0.0000496495
0.0000605045
0.0000643901
0.0164786033
0.1144625477
0.0000942085
0.0499703215
0.1445830657
0.0009906785
0.0000138449
0.0000271573
0.2879541975
0.2837710134
0.2302996879
0.0016870232
0.0307942698
0.1218067472
0.0000475526
0.0485276813
0.0461360605
0.0003796531
0.0967180447
0.0479260739
0.0254797711
0.4022955752
0.2539271263
0.0627361361
0.0000555928
0.0001020199
0.0014072198
0.0551230708
0.0000171882
0.0336438615
0.0000117340
0.0000073107
0.0000059333
0.0000086038
0.0000125762
0.0708118415
0.3735255941
0.0001794470
0.0024861829
0.0044938093
0.0260041529
0.5553741557
0.0004493464
0.0001537235
0.0000060531
0.0148348437
0.0000057474
0.0000024752
0.0000056362
0.0000175938
0.0001709504
0.1728641819
0.0024005294
0.0011695508
0.0767844337
0.0000125847
0.0000115743
0.0162321011
0.0451494014
0.0116763001
0.1034060801
0.0017402647
0.0752801693
0.0001521607
0.0015211724
0.0001179117
0.0002079075
0.0001049656
0.0000477526
0.0000015037
0.0000072095
0.0000109290
0.0977366629
0.2614867375
0.7115112999
0.0237258205
0.0002540668
0.0000031317
0.0013130901
0.0001694643
0.0000001353
0.1400187583
0.0001493691
0.0000020682
0.0000026695
0.0000302104
0.0009060614
0.0008154971
0.0074032371
0.0000073780
0.0002119170
0.0002075126
0.0085083391
0.3158256245
0.0308780395
0.0000219511
0.0017198538
0.0337993146
0.0600350920
0.0013756165
0.1322172767
0.6433893872
0.0003735554
0.0002470484
0.0001091379
0.2803634634
0.0238187393
0.0567516729
0.0000797853
0.0000191188
0.0000008266
0.0000007143
0.0000016316
0.0000014782
0.0000008507
0.0000693511
0.0000200924
0.0000066683
0.0000059243
0.0000023327
0.0000062474
0.0000050084
0.0000097955
0.0000251915
0.0002243155
0.0072459999
0.0036310694
0.0060904286
0.0020329397
0.0003823323
0.0003372893
0.0001006870
0.0000012526
0.0000018659
0.0005338479
0.0426581387
0.0004385500
0.0004681868
0.3850259856
0.0016114050
0.2436591314
0.0003195526
0.0000000202
0.0000000062
0.0000000084
0.0000000073
0.0000000056
0.0000000041
0.0000000289
0.0000000193
0.0000046201
0.0000007408
0.0000043389
0.0000077061
0.0038211511
0.0072556109
0.0093627586
0.0043753531
0.0047124572
0.0126879318
0.0110788571
0.0027662878
0.0025863257
0.0015557021
0.0023014597
0.0072775932
0.0519243465
0.0314274186
0.0365797146
0.0000123039
0.0000173961
0.0015003538
0.0045920315
0.0960894577
0.0021749455
0.0000321678
0.0000442743
0.0137088734
0.0106061722
0.0000000461
0.0000000408
0.0000350287
0.0007183342
0.0406104004
0.0377568139
0.0387384164
0.0087151295
0.0368389628
0.2542251041
0.0000014602
0.0000221831
0.0001623157
0.4081381117
0.0001001573
0.0000379489
0.0000775348
0.0123484906
0.0766385316
0.2152386103
0.1033011151
0.0404132663
0.1459287911
0.0000978807
0.0197184477
0.2864838394
0.0053014236
0.0827448559
0.5206165671
0.0000342441
0.0000060510
0.0000001634
0.0000074931
0.0541552535
0.0000100577
0.0000007453
0.0000011069
0.0000096252
0.0000072517
0.0104026248
0.5581336836
0.0000376185
0.0000132440
0.0000229863
0.0000006492
0.0000330308
0.0000082402
0.0167680579
0.0000176090
0.0000101433
0.0000104415
0.1387628718
0.0001872966
0.0000000846
0.0000001811
0.0000010028
0.0000248583
0.0603596763
0.0130283420
0.0001096828
0.0000062932
0.0000073086
0.0000025570
0.0000023973
0.0000047002
0.0000221426
0.0000396658
0.2147453633
0.0709545896
0.0119900100
0.0004355288
0.0001596409
0.0840864118
0.2706632435
0.0298071778
0.0159538547
0.0000015589
0.0000025996
0.0000004336
0.0000003151
0.0000003991
0.0000002062
0.0000003972
0.0596825396
0.0000000053
0.0000000009
0.0000000007
0.0000000010
0.0000000010
0.0000000009
0.0000000012
0.0000000772
0.0000000326
0.0000000492
0.0000000611
0.0283791877
0.0000011349
0.0000018705
0.0000048137
0.0483050334
0.0024983703
0.5191078019
0.0000062728
0.0000004373
0.0000000933
0.0000003155
0.0397528267
0.0269046146
0.0000026885
0.0000015168
0.0000209688
0.0007035932
0.4245429881
0.0024999673
0.0000131282
0.0000013476
0.0106285882
0.2856551943
0.0000520049
0.0000131203
0.0000008515
0.0000031775
0.0002839315
0.0008316756
0.0010377474
0.0000443342
0.0000912446
0.0002395954
0.0000440596
0.0000756879
0.0000977684
0.0001554058
0.0057786447
0.0038146847
0.0084447337
0.0087130729
0.1502260504
0.0069706627
0.0006351149
0.0005317142
0.0007681342
0.0010642633
0.0002337243
0.0047336213
0.0032790173
0.0011909287
0.0010163711
0.0013138194
0.0016974892
0.0041937514
0.0026235240
0.0000000006
0.0000000002
0.0000863328
0.0001929910
0.0196834738
0.0554653798
0.0019827443
0.0217538543
0.0002482931
0.1734600748
0.5000907352
0.0843290268
0.0000155944
0.0000008667
0.0075741106
0.0037139211
0.1752984438
0.1839793970
0.0247641623
0.0646937020
0.0000588751
0.3390998485
0.0086414552
0.2109999006
0.0114833071
0.2526917962
0.3848710043
0.0481407083
0.0005469301
0.0000019966
0.0000263604
0.0000038962
0.0002157847
0.1235472146
0.0221533024
0.0001091550
0.0001146345
0.0293056592
0.4252604822
0.3298009611
0.0000364625
0.0000001548
0.0000002839
0.0000000992
0.0000001228
0.0000001011
0.0000000077
0.0000000013
0.0000000476
0.0145324415
0.0000006556
0.0000010188
0.0000020647
0.0021769012
0.0157230130
0.0000000582
0.0009351303
0.0992266194
0.0189139934
0.2291846098
0.0000687497
0.0001062339
0.1866202193
0.0005595613
0.9198541084
0.0022367946
0.0184508691
0.0016101475
0.0000042880
0.0000006028
0.0000476383
0.1384972875
0.0001684765
0.1048054069
0.0334988957
0.0000044591
0.0000036454
0.0000006354
0.0000020574
0.0683654646
0.0001378605
0.0004892307
0.1929499023
0.0178232525
0.0000038230
0.0000064040
0.0345343996
0.0000054742
0.0224215750
0.1492308451
0.1309282364
0.0001721614
0.1338900595
0.0000005218
0.0000000130
0.0000155247
0.0040753480
0.1289930635
0.0000014226
0.0000004999
0.0000075406
0.1613819456
0.0122505790
0.0042234335
0.0062601058
0.0001493449
0.0000126477
0.0000078620
0.0000204300
0.0000287392
0.0001745673
0.4051984326
0.0000074269
0.0000022805
0.0000016487
0.0000020304
0.0668062505
0.0000015960
0.0000020832
0.0000040220
0.9467229692
0.0008180535
0.0000169647
0.0000106457
0.0000049216
0.0000116450
0.0000048521
0.0000023842
0.0000152375
0.0000017443
0.0000005496
0.0000015722
0.0003914143
0.0007164907
0.0007808820
0.0005391507
0.0004934231
0.0003298273
0.0000397066
0.0000043139
0.0000022340
0.0000006616
0.0000023448
0.0000025695
0.0000102478
0.0000087785
0.0000040508
0.0000006233
0.0000011516
0.0000003044
0.0000000572
0.0000000494
0.0000000462
0.0000000602
0.0000000136
0.0000000397
0.0000000335
0.0000003329
0.0000000302
0.0000000390
0.0000009819
0.0000011022
0.0000014620
0.0000102793
0.0000112505
0.0000400466
0.0004668388
0.0005648297
0.0007999234
0.0407778979
0.0197579912
0.0222476562
0.0115485717
0.0081794328
0.0000000005
0.0000000005
0.0000000094
0.0000000040
0.0000000043
0.0000000028
0.0000000043
0.0000000046
0.0000000070
0.0000000292
0.0000000258
0.0000000169
0.0000001237
0.0000000378
0.0000003227
0.0000006766
0.0121567082
0.0004350453
0.0003661361
0.1123910332
0.0108356085
0.0046239231
0.0187096946
0.0900621784
0.5306538809
0.0002355932
0.0000978979
0.0000776117
0.0002369827
0.0017422000
0.0044615118
0.2316751312
0.6797214880
0.0094759233
0.0339876467
0.0006460690
0.0001589735
0.0001249266
0.0347458290
0.4106566779
0.0010211767
0.0010870062
0.0000022781
0.0000001104
0.0199034661
0.0000132789
0.0000280533
0.0000052071
0.0013168687
0.0006246585
0.0010098348
0.0001503669
0.0003240172
0.0006451175
0.1084365855
0.0004909368
0.0010884694
0.0009009681
0.0074068213
0.0059123205
0.0000018462
0.0000001137
0.0000008153
0.0000000551
0.0000000332
0.0000000280
0.0000000136
0.0000000065
0.0000000051
0.0000000082
0.0000000047
0.0000000085
0.0000000104
0.0003115316
0.0037775905
0.0000000030
0.0000000072
0.0000000064
0.0000000097
0.0000000116
0.0000000127
0.0130658723
0.0000000040
0.0000000365
0.0000000141
0.0000000155
0.0000000008
0.0000000020
0.0000027724
