SNP res_8 res_7 res_6 res_5 res_4 res_3 res_2 res_1
rs11089130 1 1 1 1 1 1 1 1
rs915675 2 2 1 1 1 1 1 1
rs5746356 3 3 2 1 1 1 1 1
rs9617528 4 3 2 1 1 1 1 1
rs2154787 5 4 2 1 1 1 1 1
rs7288187 6 5 3 2 2 1 1 1
rs7292653 7 6 4 3 2 1 1 1
rs2818481 8 7 5 4 3 2 1 1
rs11704711 9 8 6 5 4 3 2 2
rs8137605 10 9 7 6 4 3 2 2
rs5748589 11 10 8 7 5 4 2 2
rs5748869 12 10 8 7 5 4 2 2
rs9605223 13 10 8 7 5 4 2 2
rs5747010 14 10 8 7 5 4 2 2
rs10048887 15 10 8 7 5 4 2 2
rs5747108 16 10 8 7 5 4 2 2
rs5992715 17 10 8 7 5 4 2 2
rs5992060 18 10 8 7 5 4 2 2
rs12159989 19 10 8 7 5 4 2 2
rs131532 20 11 8 7 5 4 2 2
rs131540 21 11 8 7 5 4 2 2
rs131562 22 12 9 7 5 4 2 2
rs131564 23 12 9 7 5 4 2 2
rs1807483 24 12 9 7 5 4 2 2
rs5748616 25 12 9 7 5 4 2 2
rs5748626 26 12 9 7 5 4 2 2
rs4010578 27 12 9 7 5 4 2 2
rs5748640 28 12 9 7 5 4 2 2
rs4010554 29 12 9 7 5 4 2 2
rs4010558 30 12 9 7 5 4 2 2
rs4010550 31 13 9 7 5 4 2 2
rs5748831 32 14 10 8 5 4 2 2
rs2027653 33 15 10 8 5 4 2 2
rs3859833 34 15 10 8 5 4 2 2
rs7286836 35 15 10 8 5 4 2 2
rs4239845 36 15 10 8 5 4 2 2
rs5746425 37 16 10 8 5 4 2 2
rs4010319 38 16 10 8 5 4 2 2
rs131584 39 16 10 8 5 4 2 2
rs140383 40 16 10 8 5 4 2 2
rs4010295 41 16 10 8 5 4 2 2
rs4010266 42 16 10 8 5 4 2 2
rs5747620 43 17 11 8 5 4 2 2
rs9605879 44 18 11 8 5 4 2 2
rs9605903 45 18 11 8 5 4 2 2
rs4819760 46 18 11 8 5 4 2 2
rs9605923 47 19 11 8 5 4 2 2
rs5747968 48 19 11 8 5 4 2 2
rs5747999 49 20 12 9 6 4 2 2
rs2070501 50 21 12 9 6 4 2 2
rs2070502 51 21 12 9 6 4 2 2
rs11089263 52 21 12 9 6 4 2 2
rs11089264 53 21 12 9 6 4 2 2
rs7288876 54 21 12 9 6 4 2 2
rs12172265 55 22 13 9 6 4 2 2
rs3859824 56 22 13 9 6 4 2 2
rs16984366 57 22 13 9 6 4 2 2
rs2000473 58 22 13 9 6 4 2 2
rs9604959 59 22 13 9 6 4 2 2
rs9606009 60 22 13 9 6 4 2 2
rs8137637 61 22 13 9 6 4 2 2
rs9606021 62 22 13 9 6 4 2 2
rs4410381 63 22 13 9 6 4 2 2
rs5993646 64 22 13 9 6 4 2 2
rs5993821 65 22 13 9 6 4 2 2
rs11703273 66 22 13 9 6 4 2 2
rs5993848 67 22 13 9 6 4 2 2
rs4819849 68 22 13 9 6 4 2 2
rs361944 69 23 13 9 6 4 2 2
rs361799 70 23 13 9 6 4 2 2
rs361973 71 24 14 10 6 4 2 2
rs12106650 72 24 14 10 6 4 2 2
rs2005240 73 25 14 10 6 4 2 2
rs2845371 74 26 14 10 6 4 2 2
rs2845372 75 26 14 10 6 4 2 2
rs5993924 76 26 14 10 6 4 2 2
rs5748567 77 27 15 11 7 5 2 2
rs2529888 78 27 15 11 7 5 2 2
rs2845379 79 28 15 11 7 5 2 2
rs2845380 80 28 15 11 7 5 2 2
rs2845343 81 28 15 11 7 5 2 2
rs2247281 82 28 15 11 7 5 2 2
rs2845348 83 28 15 11 7 5 2 2
rs1807512 84 28 15 11 7 5 2 2
rs2845349 85 28 15 11 7 5 2 2
rs9606437 86 28 15 11 7 5 2 2
rs9606438 87 28 15 11 7 5 2 2
rs12159125 88 28 15 11 7 5 2 2
rs7410269 89 28 15 11 7 5 2 2
rs987283 90 28 15 11 7 5 2 2
rs4819531 91 28 15 11 7 5 2 2
rs5993996 92 29 15 11 7 5 2 2
rs5746887 93 30 16 11 7 5 2 2
rs8139954 94 30 16 11 7 5 2 2
rs9606442 95 31 16 11 7 5 2 2
rs8142208 96 31 16 11 7 5 2 2
rs5748604 97 31 16 11 7 5 2 2
rs2190742 98 32 16 11 7 5 2 2
rs2110435 99 32 16 11 7 5 2 2
rs5994010 100 32 16 11 7 5 2 2
rs5748614 101 32 16 11 7 5 2 2
rs2839999 102 32 16 11 7 5 2 2
rs5746892 103 32 16 11 7 5 2 2
rs5748617 104 32 16 11 7 5 2 2
rs11089345 105 32 16 11 7 5 2 2
rs9605145 106 33 16 11 7 5 2 2
rs9605146 107 33 16 11 7 5 2 2
rs7511517 108 33 16 11 7 5 2 2
rs7286066 109 33 16 11 7 5 2 2
rs11089347 110 33 16 11 7 5 2 2
rs8139612 111 33 16 11 7 5 2 2
rs9606468 112 33 16 11 7 5 2 2
rs5748636 113 34 17 12 8 5 2 2
rs2041696 114 35 17 12 8 5 2 2
rs738046 115 35 17 12 8 5 2 2
rs738045 116 35 17 12 8 5 2 2
rs5992550 117 35 17 12 8 5 2 2
rs7284996 118 35 17 12 8 5 2 2
rs2385714 119 35 17 12 8 5 2 2
rs2385715 120 35 17 12 8 5 2 2
rs2080203 121 35 17 12 8 5 2 2
rs5748654 122 35 17 12 8 5 2 2
rs5748657 123 35 17 12 8 5 2 2
rs12484272 124 35 17 12 8 5 2 2
rs7291429 125 35 17 12 8 5 2 2
rs2041698 126 35 17 12 8 5 2 2
rs9306239 127 35 17 12 8 5 2 2
rs5994025 128 35 17 12 8 5 2 2
rs2041699 129 35 17 12 8 5 2 2
rs874835 130 35 17 12 8 5 2 2
rs175138 131 35 17 12 8 5 2 2
rs175139 132 35 17 12 8 5 2 2
rs983305 133 35 17 12 8 5 2 2
rs9606478 134 36 17 12 8 5 2 2
rs7287430 135 36 17 12 8 5 2 2
rs175147 136 36 17 12 8 5 2 2
rs16981741 137 36 17 12 8 5 2 2
rs175148 138 36 17 12 8 5 2 2
rs175149 139 36 17 12 8 5 2 2
rs9606481 140 36 17 12 8 5 2 2
rs4819895 141 37 18 13 8 5 2 2
rs165650 142 37 18 13 8 5 2 2
rs165726 143 37 18 13 8 5 2 2
rs165725 144 37 18 13 8 5 2 2
rs165706 145 37 18 13 8 5 2 2
rs17363716 146 37 18 13 8 5 2 2
rs165652 147 37 18 13 8 5 2 2
rs165757 148 37 18 13 8 5 2 2
rs175151 149 37 18 13 8 5 2 2
rs17435801 150 38 18 13 8 5 2 2
rs165617 151 38 18 13 8 5 2 2
rs165906 152 38 18 13 8 5 2 2
rs175152 153 38 18 13 8 5 2 2
rs165645 154 38 18 13 8 5 2 2
rs165611 155 38 18 13 8 5 2 2
rs165670 156 38 18 13 8 5 2 2
rs165778 157 38 18 13 8 5 2 2
rs165910 158 38 18 13 8 5 2 2
rs165709 159 39 18 13 8 5 2 2
rs165914 160 39 18 13 8 5 2 2
rs165810 161 39 18 13 8 5 2 2
rs2075120 162 39 18 13 8 5 2 2
rs16981769 163 39 18 13 8 5 2 2
rs175154 164 39 18 13 8 5 2 2
rs165927 165 39 18 13 8 5 2 2
rs165808 166 39 18 13 8 5 2 2
rs165612 167 39 18 13 8 5 2 2
rs165890 168 39 18 13 8 5 2 2
rs165913 169 39 18 13 8 5 2 2
rs12483904 170 39 18 13 8 5 2 2
rs175155 171 39 18 13 8 5 2 2
rs16981780 172 39 18 13 8 5 2 2
rs165886 173 39 18 13 8 5 2 2
rs165754 174 39 18 13 8 5 2 2
rs16981786 175 39 18 13 8 5 2 2
rs1974654 176 39 18 13 8 5 2 2
rs2075119 177 39 18 13 8 5 2 2
rs165790 178 39 18 13 8 5 2 2
rs12485170 179 39 18 13 8 5 2 2
rs165629 180 39 18 13 8 5 2 2
rs165667 181 39 18 13 8 5 2 2
rs165858 182 39 18 13 8 5 2 2
rs1296945 183 39 18 13 8 5 2 2
rs165653 184 39 18 13 8 5 2 2
rs165705 185 39 18 13 8 5 2 2
rs4006343 186 40 19 13 8 5 2 2
rs9606527 187 41 20 14 9 6 3 3
rs5994087 188 41 20 14 9 6 3 3
rs5748736 189 42 20 14 9 6 3 3
rs737936 190 42 20 14 9 6 3 3
rs17444874 191 42 20 14 9 6 3 3
rs2241030 192 42 20 14 9 6 3 3
rs7292504 193 42 20 14 9 6 3 3
rs7288841 194 42 20 14 9 6 3 3
rs9606534 195 43 20 14 9 6 3 3
rs7292561 196 43 20 14 9 6 3 3
rs7293026 197 43 20 14 9 6 3 3
rs7288751 198 43 20 14 9 6 3 3
rs1990485 199 43 20 14 9 6 3 3
rs2011716 200 44 20 14 9 6 3 3
rs9306241 201 44 20 14 9 6 3 3
rs2385782 202 44 20 14 9 6 3 3
rs5992587 203 44 20 14 9 6 3 3
rs11703901 204 44 20 14 9 6 3 3
rs7290057 205 44 20 14 9 6 3 3
rs9606541 206 44 20 14 9 6 3 3
rs738023 207 44 20 14 9 6 3 3
rs5994093 208 44 20 14 9 6 3 3
rs5748744 209 44 20 14 9 6 3 3
rs5992589 210 44 20 14 9 6 3 3
rs9306242 211 44 20 14 9 6 3 3
rs5994095 212 44 20 14 9 6 3 3
rs9605179 213 44 20 14 9 6 3 3
rs5992590 214 45 21 14 9 6 3 3
rs5748747 215 46 22 15 9 6 3 3
rs4239864 216 46 22 15 9 6 3 3
rs9618937 217 46 22 15 9 6 3 3
rs12167026 218 46 22 15 9 6 3 3
rs5994098 219 46 22 15 9 6 3 3
rs6518641 220 47 22 15 9 6 3 3
rs5748752 221 47 22 15 9 6 3 3
rs5748755 222 47 22 15 9 6 3 3
rs5748756 223 47 22 15 9 6 3 3
rs5994104 224 47 22 15 9 6 3 3
rs933461 225 47 22 15 9 6 3 3
rs2215725 226 47 22 15 9 6 3 3
rs1981707 227 47 22 15 9 6 3 3
rs5992593 228 48 22 15 9 6 3 3
rs4819923 229 48 22 15 9 6 3 3
rs5748760 230 48 22 15 9 6 3 3
rs5748761 231 48 22 15 9 6 3 3
rs713673 232 48 22 15 9 6 3 3
rs2385786 233 48 22 15 9 6 3 3
rs1990483 234 48 22 15 9 6 3 3
rs759078 235 48 22 15 9 6 3 3
rs4819924 236 48 22 15 9 6 3 3
rs11089387 237 48 22 15 9 6 3 3
rs1024731 238 48 22 15 9 6 3 3
rs3948637 239 48 22 15 9 6 3 3
rs1024732 240 48 22 15 9 6 3 3
rs5748765 241 48 22 15 9 6 3 3
rs4819925 242 48 22 15 9 6 3 3
rs4819926 243 48 22 15 9 6 3 3
rs2041607 244 49 22 15 9 6 3 3
rs5992600 245 49 22 15 9 6 3 3
rs759076 246 49 22 15 9 6 3 3
rs757630 247 49 22 15 9 6 3 3
rs7410510 248 49 22 15 9 6 3 3
rs7410366 249 49 22 15 9 6 3 3
rs4819932 250 49 22 15 9 6 3 3
rs2080094 251 49 22 15 9 6 3 3
rs2080095 252 49 22 15 9 6 3 3
rs4819935 253 49 22 15 9 6 3 3
rs5992604 254 49 22 15 9 6 3 3
rs9606559 255 49 22 15 9 6 3 3
rs5748785 256 49 22 15 9 6 3 3
rs4819546 257 49 22 15 9 6 3 3
rs5748798 258 50 22 15 9 6 3 3
rs5748799 259 50 22 15 9 6 3 3
rs5748800 260 50 22 15 9 6 3 3
rs9605189 261 50 22 15 9 6 3 3
rs5994128 262 51 23 16 10 6 3 3
rs10439907 263 51 23 16 10 6 3 3
rs5994129 264 52 23 16 10 6 3 3
rs917838 265 52 23 16 10 6 3 3
rs2192155 266 52 23 16 10 6 3 3
rs5746962 267 53 24 16 10 6 3 3
rs4819940 268 54 24 16 10 6 3 3
rs5994130 269 55 25 17 10 6 3 3
rs1966416 270 55 25 17 10 6 3 3
rs3996123 271 56 25 17 10 6 3 3
rs9606569 272 56 25 17 10 6 3 3
rs2399168 273 56 25 17 10 6 3 3
rs4819945 274 57 25 17 10 6 3 3
rs3016113 275 57 25 17 10 6 3 3
rs2845395 276 57 25 17 10 6 3 3
rs928832 277 57 25 17 10 6 3 3
rs2845394 278 57 25 17 10 6 3 3
rs2845393 279 57 25 17 10 6 3 3
rs2845389 280 57 25 17 10 6 3 3
rs2245487 281 57 25 17 10 6 3 3
rs947822 282 57 25 17 10 6 3 3
rs2537974 283 58 25 17 10 6 3 3
rs2845401 284 58 25 17 10 6 3 3
rs1054946 285 58 25 17 10 6 3 3
rs5994154 286 58 25 17 10 6 3 3
rs9606592 287 58 25 17 10 6 3 3
rs738030 288 58 25 17 10 6 3 3
rs1114450 289 58 25 17 10 6 3 3
rs4819552 290 58 25 17 10 6 3 3
rs9606603 291 58 25 17 10 6 3 3
rs4819956 292 58 25 17 10 6 3 3
rs2241042 293 58 25 17 10 6 3 3
rs5748863 294 59 25 17 10 6 3 3
rs9606615 295 60 26 18 11 7 3 3
rs17807076 296 61 27 19 12 7 3 3
rs2302519 297 62 27 19 12 7 3 3
rs2241046 298 62 27 19 12 7 3 3
rs2241049 299 63 28 19 12 7 3 3
rs6518661 300 63 28 19 12 7 3 3
rs879575 301 63 28 19 12 7 3 3
rs2895332 302 63 28 19 12 7 3 3
rs887796 303 64 28 19 12 7 3 3
rs738035 304 64 28 19 12 7 3 3
rs738034 305 64 28 19 12 7 3 3
rs5992628 306 64 28 19 12 7 3 3
rs4819962 307 64 28 19 12 7 3 3
rs1047929 308 64 28 19 12 7 3 3
rs1654 309 64 28 19 12 7 3 3
rs11160 310 64 28 19 12 7 3 3
rs738033 311 64 28 19 12 7 3 3
rs5746996 312 65 28 19 12 7 3 3
rs4819964 313 65 28 19 12 7 3 3
rs5994166 314 65 28 19 12 7 3 3
rs4819965 315 65 28 19 12 7 3 3
rs5994170 316 66 29 20 12 7 3 3
rs5994172 317 66 29 20 12 7 3 3
rs5994175 318 66 29 20 12 7 3 3
rs5994176 319 66 29 20 12 7 3 3
rs740422 320 66 29 20 12 7 3 3
rs741139 321 66 29 20 12 7 3 3
rs7287119 322 67 29 20 12 7 3 3
rs5747008 323 67 29 20 12 7 3 3
rs1034859 324 68 29 20 12 7 3 3
rs4819972 325 68 29 20 12 7 3 3
rs5748917 326 69 30 20 12 7 3 3
rs5748919 327 69 30 20 12 7 3 3
rs5748923 328 70 30 20 12 7 3 3
rs5748926 329 70 30 20 12 7 3 3
rs2159068 330 71 30 20 12 7 3 3
rs2401071 331 71 30 20 12 7 3 3
rs2401072 332 71 30 20 12 7 3 3
rs1125471 333 71 30 20 12 7 3 3
rs1076102 334 72 30 20 12 7 3 3
rs14332 335 72 30 20 12 7 3 3
rs1135909 336 72 30 20 12 7 3 3
rs1139056 337 72 30 20 12 7 3 3
rs1139055 338 72 30 20 12 7 3 3
rs7290147 339 72 30 20 12 7 3 3
rs3764846 340 72 30 20 12 7 3 3
rs3764847 341 72 30 20 12 7 3 3
rs2231496 342 73 31 21 13 7 3 3
rs2231495 343 73 31 21 13 7 3 3
rs1544504 344 74 31 21 13 7 3 3
rs2286348 345 75 31 21 13 7 3 3
rs4819973 346 76 32 22 13 7 3 3
rs5992637 347 77 32 22 13 7 3 3
rs5992638 348 77 32 22 13 7 3 3
rs5747018 349 78 33 22 13 7 3 3
rs2058093 350 78 33 22 13 7 3 3
rs17807317 351 79 33 22 13 7 3 3
rs1076106 352 79 33 22 13 7 3 3
rs2013910 353 79 33 22 13 7 3 3
rs5992641 354 80 33 22 13 7 3 3
rs5748947 355 80 33 22 13 7 3 3
rs5748952 356 81 34 23 14 8 4 3
rs5748953 357 81 34 23 14 8 4 3
rs5748954 358 81 34 23 14 8 4 3
rs5748955 359 81 34 23 14 8 4 3
rs8136533 360 82 34 23 14 8 4 3
rs9606655 361 82 34 23 14 8 4 3
rs737968 362 83 34 23 14 8 4 3
rs737967 363 83 34 23 14 8 4 3
rs1029696 364 83 34 23 14 8 4 3
rs5748965 365 83 34 23 14 8 4 3
rs5748966 366 83 34 23 14 8 4 3
rs737962 367 84 34 23 14 8 4 3
rs4819564 368 85 35 23 14 8 4 3
rs3747021 369 86 35 23 14 8 4 3
rs4819979 370 87 36 24 15 8 4 3
rs2058118 371 88 37 25 16 9 4 3
rs2058119 372 89 37 25 16 9 4 3
rs7288303 373 90 37 25 16 9 4 3
rs1006015 374 90 37 25 16 9 4 3
rs2041144 375 91 37 25 16 9 4 3
rs5748981 376 92 38 25 16 9 4 3
rs5747037 377 92 38 25 16 9 4 3
rs1860086 378 93 38 25 16 9 4 3
rs5747038 379 94 39 26 16 9 4 3
rs5747039 380 95 39 26 16 9 4 3
rs12483926 381 96 39 26 16 9 4 3
rs4819982 382 97 39 26 16 9 4 3
rs5747043 383 98 40 27 17 10 5 4
rs17807605 384 99 40 27 17 10 5 4
rs758221 385 100 41 28 17 10 5 4
rs4819986 386 101 41 28 17 10 5 4
rs5994231 387 102 41 28 17 10 5 4
rs8140080 388 103 42 29 18 11 5 4
rs4819994 389 103 42 29 18 11 5 4
rs4541325 390 104 42 29 18 11 5 4
rs5749016 391 105 42 29 18 11 5 4
rs737971 392 105 42 29 18 11 5 4
rs4239866 393 106 42 29 18 11 5 4
rs5749028 394 106 42 29 18 11 5 4
rs4819996 395 106 42 29 18 11 5 4
rs9606682 396 106 42 29 18 11 5 4
rs9605254 397 107 43 30 19 11 5 4
rs5994255 398 108 44 30 19 11 5 4
rs5992659 399 108 44 30 19 11 5 4
rs5994256 400 108 44 30 19 11 5 4
rs5994257 401 108 44 30 19 11 5 4
rs9605258 402 108 44 30 19 11 5 4
rs9605259 403 108 44 30 19 11 5 4
rs9306257 404 108 44 30 19 11 5 4
rs9619055 405 108 44 30 19 11 5 4
rs5994258 406 109 44 30 19 11 5 4
rs12169748 407 109 44 30 19 11 5 4
rs5992665 408 109 44 30 19 11 5 4
rs5994271 409 110 44 30 19 11 5 4
rs5994272 410 110 44 30 19 11 5 4
rs361626 411 111 45 31 19 11 5 4
rs13058398 412 112 45 31 19 11 5 4
rs4820001 413 113 45 31 19 11 5 4
rs4819576 414 113 45 31 19 11 5 4
rs4819577 415 113 45 31 19 11 5 4
rs2401081 416 114 46 32 20 11 5 4
rs2158148 417 114 46 32 20 11 5 4
rs2040692 418 115 47 32 20 11 5 4
rs7288834 419 115 47 32 20 11 5 4
rs5749048 420 115 47 32 20 11 5 4
rs5747072 421 116 47 32 20 11 5 4
rs5994289 422 116 47 32 20 11 5 4
rs737915 423 116 47 32 20 11 5 4
rs5747075 424 117 47 32 20 11 5 4
rs5749060 425 117 47 32 20 11 5 4
rs9604737 426 118 48 33 20 11 5 4
rs4273306 427 119 48 33 20 11 5 4
rs9604738 428 119 48 33 20 11 5 4
rs5992041 429 120 48 33 20 11 5 4
rs7285871 430 120 48 33 20 11 5 4
rs5747087 431 121 49 34 21 12 6 4
rs11089176 432 122 49 34 21 12 6 4
rs737916 433 122 49 34 21 12 6 4
rs5747103 434 122 49 34 21 12 6 4
rs4239844 435 123 49 34 21 12 6 4
rs4819581 436 123 49 34 21 12 6 4
rs1860308 437 123 49 34 21 12 6 4
rs1860309 438 123 49 34 21 12 6 4
rs5747109 439 123 49 34 21 12 6 4
rs5746366 440 123 49 34 21 12 6 4
rs5747111 441 123 49 34 21 12 6 4
rs5747112 442 123 49 34 21 12 6 4
rs5746368 443 123 49 34 21 12 6 4
rs7286310 444 124 50 35 21 12 6 4
rs2522311 445 124 50 35 21 12 6 4
rs5992044 446 124 50 35 21 12 6 4
rs5992687 447 125 50 35 21 12 6 4
rs1858757 448 125 50 35 21 12 6 4
rs2078734 449 126 50 35 21 12 6 4
rs2518732 450 126 50 35 21 12 6 4
rs2518735 451 126 50 35 21 12 6 4
rs2518736 452 126 50 35 21 12 6 4
rs1859120 453 126 50 35 21 12 6 4
rs1858758 454 126 50 35 21 12 6 4
rs2078737 455 126 50 35 21 12 6 4
rs2518746 456 126 50 35 21 12 6 4
rs9617578 457 126 50 35 21 12 6 4
rs2895937 458 127 50 35 21 12 6 4
rs2522314 459 127 50 35 21 12 6 4
rs1981533 460 127 50 35 21 12 6 4
rs2189078 461 127 50 35 21 12 6 4
rs2518749 462 128 51 36 22 12 6 4
rs2157720 463 128 51 36 22 12 6 4
rs2522284 464 128 51 36 22 12 6 4
rs2518751 465 129 51 36 22 12 6 4
rs2518752 466 129 51 36 22 12 6 4
rs11703558 467 129 51 36 22 12 6 4
rs5747190 468 130 52 36 22 12 6 4
rs1557622 469 130 52 36 22 12 6 4
rs2522297 470 131 52 36 22 12 6 4
rs5747200 471 131 52 36 22 12 6 4
rs13053651 472 131 52 36 22 12 6 4
rs882614 473 131 52 36 22 12 6 4
rs2518768 474 131 52 36 22 12 6 4
rs2518770 475 131 52 36 22 12 6 4
rs174289 476 132 52 36 22 12 6 4
rs1296748 477 132 52 36 22 12 6 4
rs7284169 478 132 52 36 22 12 6 4
rs1296750 479 132 52 36 22 12 6 4
rs1296754 480 133 53 37 22 12 6 4
rs8141657 481 134 53 37 22 12 6 4
rs174293 482 135 54 38 23 13 6 4
rs174294 483 135 54 38 23 13 6 4
rs78914 484 135 54 38 23 13 6 4
rs174302 485 135 54 38 23 13 6 4
rs174306 486 135 54 38 23 13 6 4
rs174313 487 135 54 38 23 13 6 4
rs174314 488 135 54 38 23 13 6 4
rs1296782 489 136 54 38 23 13 6 4
rs174330 490 136 54 38 23 13 6 4
rs2401125 491 136 54 38 23 13 6 4
rs1296785 492 136 54 38 23 13 6 4
rs174332 493 136 54 38 23 13 6 4
rs1296787 494 136 54 38 23 13 6 4
rs1296788 495 136 54 38 23 13 6 4
rs8138198 496 136 54 38 23 13 6 4
rs174335 497 136 54 38 23 13 6 4
rs1003861 498 136 54 38 23 13 6 4
rs1296795 499 136 54 38 23 13 6 4
rs174344 500 137 55 38 23 13 6 4
rs174345 501 137 55 38 23 13 6 4
rs174348 502 138 55 38 23 13 6 4
rs174351 503 138 55 38 23 13 6 4
rs885971 504 138 55 38 23 13 6 4
rs1296805 505 139 56 39 23 13 6 4
rs174368 506 140 56 39 23 13 6 4
rs412830 507 141 56 39 23 13 6 4
rs423158 508 142 57 39 23 13 6 4
rs443694 509 143 58 40 24 14 7 5
rs416422 510 143 58 40 24 14 7 5
rs1296812 511 143 58 40 24 14 7 5
rs174371 512 144 59 41 24 14 7 5
rs1296819 513 145 59 41 24 14 7 5
rs5992751 514 145 59 41 24 14 7 5
rs5747252 515 146 59 41 24 14 7 5
rs3747023 516 146 59 41 24 14 7 5
rs2080549 517 146 59 41 24 14 7 5
rs5992754 518 146 59 41 24 14 7 5
rs5992756 519 146 59 41 24 14 7 5
rs4819611 520 146 59 41 24 14 7 5
rs4239846 521 146 59 41 24 14 7 5
rs4263214 522 146 59 41 24 14 7 5
rs2895945 523 146 59 41 24 14 7 5
rs9604771 524 146 59 41 24 14 7 5
rs5747263 525 146 59 41 24 14 7 5
rs1034470 526 146 59 41 24 14 7 5
rs1034471 527 146 59 41 24 14 7 5
rs9605337 528 146 59 41 24 14 7 5
rs2300688 529 146 59 41 24 14 7 5
rs1034472 530 146 59 41 24 14 7 5
rs2300690 531 146 59 41 24 14 7 5
rs2300691 532 146 59 41 24 14 7 5
rs5747268 533 146 59 41 24 14 7 5
rs3747024 534 146 59 41 24 14 7 5
rs3747025 535 146 59 41 24 14 7 5
rs12159924 536 146 59 41 24 14 7 5
rs12160074 537 146 59 41 24 14 7 5
rs5747283 538 146 59 41 24 14 7 5
rs9605348 539 146 59 41 24 14 7 5
rs5992766 540 146 59 41 24 14 7 5
rs5747285 541 146 59 41 24 14 7 5
rs5992084 542 147 60 41 24 14 7 5
rs5747296 543 147 60 41 24 14 7 5
rs5747297 544 147 60 41 24 14 7 5
rs5747302 545 147 60 41 24 14 7 5
rs4473484 546 147 60 41 24 14 7 5
rs11089197 547 147 60 41 24 14 7 5
rs4819617 548 148 60 41 24 14 7 5
rs5746451 549 148 60 41 24 14 7 5
rs9605364 550 148 60 41 24 14 7 5
rs11704728 551 148 60 41 24 14 7 5
rs713701 552 148 60 41 24 14 7 5
rs2024229 553 148 60 41 24 14 7 5
rs13054588 554 148 60 41 24 14 7 5
rs5992088 555 148 60 41 24 14 7 5
rs2535690 556 148 60 41 24 14 7 5
rs2535691 557 148 60 41 24 14 7 5
rs13055718 558 148 60 41 24 14 7 5
rs2587069 559 148 60 41 24 14 7 5
rs11704288 560 148 60 41 24 14 7 5
rs5747323 561 148 60 41 24 14 7 5
rs2587070 562 148 60 41 24 14 7 5
rs2535695 563 148 60 41 24 14 7 5
rs2587072 564 148 60 41 24 14 7 5
rs2535697 565 148 60 41 24 14 7 5
rs2587074 566 148 60 41 24 14 7 5
rs2587076 567 148 60 41 24 14 7 5
rs2165970 568 148 60 41 24 14 7 5
rs2535707 569 148 60 41 24 14 7 5
rs2535708 570 148 60 41 24 14 7 5
rs2587086 571 148 60 41 24 14 7 5
rs2535674 572 148 60 41 24 14 7 5
rs3788279 573 148 60 41 24 14 7 5
rs2587093 574 148 60 41 24 14 7 5
rs2587094 575 148 60 41 24 14 7 5
rs7291949 576 148 60 41 24 14 7 5
rs738133 577 148 60 41 24 14 7 5
rs2535685 578 148 60 41 24 14 7 5
rs1008378 579 148 60 41 24 14 7 5
rs4488761 580 149 60 41 24 14 7 5
rs2587100 581 149 60 41 24 14 7 5
rs9967 582 149 60 41 24 14 7 5
rs8919 583 149 60 41 24 14 7 5
rs5747338 584 149 60 41 24 14 7 5
rs181388 585 150 61 42 25 14 7 5
rs181390 586 150 61 42 25 14 7 5
rs181391 587 150 61 42 25 14 7 5
rs181392 588 150 61 42 25 14 7 5
rs181396 589 150 61 42 25 14 7 5
rs181397 590 150 61 42 25 14 7 5
rs181399 591 150 61 42 25 14 7 5
rs181402 592 151 61 42 25 14 7 5
rs405098 593 152 61 42 25 14 7 5
rs2895951 594 152 61 42 25 14 7 5
rs181405 595 152 61 42 25 14 7 5
rs181407 596 153 61 42 25 14 7 5
rs181408 597 153 61 42 25 14 7 5
rs181409 598 153 61 42 25 14 7 5
rs181410 599 154 61 42 25 14 7 5
rs5747347 600 155 62 43 25 14 7 5
rs5746474 601 155 62 43 25 14 7 5
rs5747349 602 155 62 43 25 14 7 5
rs5747351 603 155 62 43 25 14 7 5
rs5747353 604 156 62 43 25 14 7 5
rs3788284 605 157 62 43 25 14 7 5
rs366542 606 158 63 44 26 14 7 5
rs391085 607 159 64 44 26 14 7 5
rs9605406 608 159 64 44 26 14 7 5
rs401416 609 160 64 44 26 14 7 5
rs408656 610 160 64 44 26 14 7 5
rs5992838 611 161 64 44 26 14 7 5
rs443627 612 162 65 45 26 14 7 5
rs382013 613 163 66 45 26 14 7 5
rs426276 614 164 66 45 26 14 7 5
rs369081 615 165 67 46 27 15 7 5
rs390041 616 165 67 46 27 15 7 5
rs389496 617 165 67 46 27 15 7 5
rs454799 618 165 67 46 27 15 7 5
rs429940 619 165 67 46 27 15 7 5
rs436590 620 165 67 46 27 15 7 5
rs388415 621 166 67 46 27 15 7 5
rs389436 622 166 67 46 27 15 7 5
rs389347 623 166 67 46 27 15 7 5
rs390745 624 166 67 46 27 15 7 5
rs437633 625 166 67 46 27 15 7 5
rs399757 626 167 67 46 27 15 7 5
rs1124069 627 168 68 47 27 15 7 5
rs4269007 628 168 68 47 27 15 7 5
rs2277831 629 168 68 47 27 15 7 5
rs5992854 630 168 68 47 27 15 7 5
rs5992855 631 168 68 47 27 15 7 5
rs5992112 632 169 68 47 27 15 7 5
rs5992861 633 169 68 47 27 15 7 5
rs5992863 634 169 68 47 27 15 7 5
rs5992868 635 169 68 47 27 15 7 5
rs5992870 636 169 68 47 27 15 7 5
rs5992871 637 169 68 47 27 15 7 5
rs424931 638 170 68 47 27 15 7 5
rs450960 639 171 68 47 27 15 7 5
rs450975 640 171 68 47 27 15 7 5
rs451840 641 171 68 47 27 15 7 5
rs451740 642 171 68 47 27 15 7 5
rs453005 643 171 68 47 27 15 7 5
rs405490 644 171 68 47 27 15 7 5
rs453841 645 171 68 47 27 15 7 5
rs415170 646 171 68 47 27 15 7 5
rs439231 647 171 68 47 27 15 7 5
rs2542334 648 171 68 47 27 15 7 5
rs2587107 649 171 68 47 27 15 7 5
rs2587108 650 171 68 47 27 15 7 5
rs2587109 651 171 68 47 27 15 7 5
rs2542336 652 171 68 47 27 15 7 5
rs750558 653 171 68 47 27 15 7 5
rs768563 654 172 69 47 27 15 7 5
rs2587113 655 172 69 47 27 15 7 5
rs2587114 656 172 69 47 27 15 7 5
rs2587115 657 173 69 47 27 15 7 5
rs2542338 658 173 69 47 27 15 7 5
rs2160760 659 173 69 47 27 15 7 5
rs2016042 660 174 70 48 28 15 7 5
rs873387 661 174 70 48 28 15 7 5
rs11917 662 174 70 48 28 15 7 5
rs1057721 663 174 70 48 28 15 7 5
rs4819639 664 174 70 48 28 15 7 5
rs5992880 665 174 70 48 28 15 7 5
rs5746486 666 174 70 48 28 15 7 5
rs5746487 667 174 70 48 28 15 7 5
rs5992884 668 174 70 48 28 15 7 5
rs1867353 669 174 70 48 28 15 7 5
rs5992888 670 175 70 48 28 15 7 5
rs9605422 671 175 70 48 28 15 7 5
rs2165971 672 175 70 48 28 15 7 5
rs2075444 673 175 70 48 28 15 7 5
rs2289718 674 175 70 48 28 15 7 5
rs4819644 675 175 70 48 28 15 7 5
rs5747394 676 175 70 48 28 15 7 5
rs5746490 677 175 70 48 28 15 7 5
rs5747395 678 175 70 48 28 15 7 5
rs3747031 679 175 70 48 28 15 7 5
rs3747032 680 175 70 48 28 15 7 5
rs2075455 681 175 70 48 28 15 7 5
rs2075454 682 175 70 48 28 15 7 5
rs2075453 683 175 70 48 28 15 7 5
rs2075452 684 175 70 48 28 15 7 5
rs2075450 685 175 70 48 28 15 7 5
rs8141766 686 175 70 48 28 15 7 5
rs2034113 687 175 70 48 28 15 7 5
rs5992895 688 176 71 48 28 15 7 5
rs2896000 689 176 71 48 28 15 7 5
rs2075447 690 176 71 48 28 15 7 5
rs2075446 691 176 71 48 28 15 7 5
rs4819647 692 176 71 48 28 15 7 5
rs5746492 693 176 71 48 28 15 7 5
rs2083882 694 177 71 48 28 15 7 5
rs5747405 695 177 71 48 28 15 7 5
rs4819649 696 177 71 48 28 15 7 5
rs5747408 697 177 71 48 28 15 7 5
rs9604803 698 177 71 48 28 15 7 5
rs5747417 699 178 71 48 28 15 7 5
rs5746497 700 178 71 48 28 15 7 5
rs1072405 701 178 71 48 28 15 7 5
rs1076110 702 178 71 48 28 15 7 5
rs13058527 703 178 71 48 28 15 7 5
rs5992907 704 179 71 48 28 15 7 5
rs5992908 705 179 71 48 28 15 7 5
rs416081 706 179 71 48 28 15 7 5
rs431071 707 179 71 48 28 15 7 5
rs5992134 708 179 71 48 28 15 7 5
rs8135939 709 179 71 48 28 15 7 5
rs5746498 710 179 71 48 28 15 7 5
rs415651 711 179 71 48 28 15 7 5
rs2099942 712 179 71 48 28 15 7 5
rs384215 713 179 71 48 28 15 7 5
rs12158823 714 179 71 48 28 15 7 5
rs1076539 715 179 71 48 28 15 7 5
rs1076540 716 179 71 48 28 15 7 5
rs1076541 717 179 71 48 28 15 7 5
rs382983 718 179 71 48 28 15 7 5
rs5992917 719 179 71 48 28 15 7 5
rs1110660 720 179 71 48 28 15 7 5
rs1110662 721 179 71 48 28 15 7 5
rs1076543 722 179 71 48 28 15 7 5
rs12157484 723 180 72 49 28 15 7 5
rs448627 724 180 72 49 28 15 7 5
rs453435 725 180 72 49 28 15 7 5
rs453557 726 180 72 49 28 15 7 5
rs370241 727 180 72 49 28 15 7 5
rs5992934 728 180 72 49 28 15 7 5
rs1110666 729 180 72 49 28 15 7 5
rs9617648 730 180 72 49 28 15 7 5
rs9605473 731 180 72 49 28 15 7 5
rs8140977 732 180 72 49 28 15 7 5
rs9605479 733 180 72 49 28 15 7 5
rs9605481 734 180 72 49 28 15 7 5
rs5992946 735 180 72 49 28 15 7 5
rs13057016 736 180 72 49 28 15 7 5
rs418930 737 181 72 49 28 15 7 5
rs8139817 738 181 72 49 28 15 7 5
rs116167 739 181 72 49 28 15 7 5
rs402617 740 181 72 49 28 15 7 5
rs403668 741 181 72 49 28 15 7 5
rs11703382 742 181 72 49 28 15 7 5
rs10854521 743 181 72 49 28 15 7 5
rs424765 744 182 72 49 28 15 7 5
rs5992962 745 182 72 49 28 15 7 5
rs5992963 746 182 72 49 28 15 7 5
rs397709 747 183 73 49 28 15 7 5
rs452579 748 184 74 50 29 16 8 5
rs366892 749 184 74 50 29 16 8 5
rs8142200 750 184 74 50 29 16 8 5
rs390495 751 185 74 50 29 16 8 5
rs107321 752 186 74 50 29 16 8 5
rs8139236 753 186 74 50 29 16 8 5
rs1076115 754 187 74 50 29 16 8 5
rs450703 755 188 75 51 29 16 8 5
rs465101 756 188 75 51 29 16 8 5
rs463271 757 189 75 51 29 16 8 5
rs462904 758 189 75 51 29 16 8 5
rs455758 759 190 76 51 29 16 8 5
rs458888 760 190 76 51 29 16 8 5
rs458480 761 191 76 51 29 16 8 5
rs460485 762 191 76 51 29 16 8 5
rs11705515 763 192 77 52 30 16 8 5
rs7288409 764 193 78 52 30 16 8 5
rs7284964 765 194 78 52 30 16 8 5
rs12171267 766 194 78 52 30 16 8 5
rs5992985 767 194 78 52 30 16 8 5
rs5992986 768 194 78 52 30 16 8 5
rs11703744 769 194 78 52 30 16 8 5
rs5992165 770 195 78 52 30 16 8 5
rs17809578 771 195 78 52 30 16 8 5
rs4266108 772 195 78 52 30 16 8 5
rs10483096 773 195 78 52 30 16 8 5
rs17742403 774 196 78 52 30 16 8 5
rs4819666 775 196 78 52 30 16 8 5
rs462055 776 197 79 53 31 17 8 5
rs464541 777 198 79 53 31 17 8 5
rs2111893 778 198 79 53 31 17 8 5
rs466130 779 198 79 53 31 17 8 5
rs385130 780 198 79 53 31 17 8 5
rs464385 781 198 79 53 31 17 8 5
rs456551 782 198 79 53 31 17 8 5
rs361594 783 198 79 53 31 17 8 5
rs362250 784 198 79 53 31 17 8 5
rs467504 785 198 79 53 31 17 8 5
rs2401505 786 198 79 53 31 17 8 5
rs3827281 787 198 79 53 31 17 8 5
rs361809 788 198 79 53 31 17 8 5
rs9647297 789 198 79 53 31 17 8 5
rs9647302 790 198 79 53 31 17 8 5
rs362043 791 199 80 54 31 17 8 5
rs361834 792 200 80 54 31 17 8 5
rs464901 793 200 80 54 31 17 8 5
rs361540 794 200 80 54 31 17 8 5
rs362249 795 201 80 54 31 17 8 5
rs361557 796 202 80 54 31 17 8 5
rs361534 797 203 81 55 32 17 8 5
rs5993013 798 204 81 55 32 17 8 5
rs5992185 799 204 81 55 32 17 8 5
rs3180408 800 205 82 55 32 17 8 5
rs2075299 801 205 82 55 32 17 8 5
rs5747922 802 206 83 56 33 18 9 6
rs5747923 803 206 83 56 33 18 9 6
rs431846 804 206 83 56 33 18 9 6
rs372579 805 206 83 56 33 18 9 6
rs3810600 806 206 83 56 33 18 9 6
rs418623 807 206 83 56 33 18 9 6
rs5746636 808 206 83 56 33 18 9 6
rs3960073 809 207 84 56 33 18 9 6
rs5746640 810 208 84 56 33 18 9 6
rs2005736 811 208 84 56 33 18 9 6
rs378830 812 208 84 56 33 18 9 6
rs410557 813 209 84 56 33 18 9 6
rs2016108 814 209 84 56 33 18 9 6
rs2238733 815 209 84 56 33 18 9 6
rs367766 816 209 84 56 33 18 9 6
rs4819757 817 210 84 56 33 18 9 6
rs2008720 818 210 84 56 33 18 9 6
rs9604911 819 210 84 56 33 18 9 6
rs5993426 820 211 85 57 33 18 9 6
rs5992338 821 211 85 57 33 18 9 6
rs5992339 822 211 85 57 33 18 9 6
rs5992340 823 211 85 57 33 18 9 6
rs11089244 824 211 85 57 33 18 9 6
rs4557082 825 211 85 57 33 18 9 6
rs5992347 826 212 85 57 33 18 9 6
rs5993445 827 212 85 57 33 18 9 6
rs2540627 828 212 85 57 33 18 9 6
rs2077200 829 212 85 57 33 18 9 6
rs7288481 830 213 85 57 33 18 9 6
rs2019061 831 213 85 57 33 18 9 6
rs9680846 832 213 85 57 33 18 9 6
rs11914070 833 213 85 57 33 18 9 6
rs11912325 834 214 85 57 33 18 9 6
rs5747948 835 215 86 57 33 18 9 6
rs5747949 836 215 86 57 33 18 9 6
rs5747950 837 215 86 57 33 18 9 6
rs11089247 838 215 86 57 33 18 9 6
rs2041780 839 215 86 57 33 18 9 6
rs2540651 840 215 86 57 33 18 9 6
rs2518799 841 215 86 57 33 18 9 6
rs2518800 842 215 86 57 33 18 9 6
rs1210634 843 216 86 57 33 18 9 6
rs1210635 844 216 86 57 33 18 9 6
rs1210637 845 216 86 57 33 18 9 6
rs1210638 846 216 86 57 33 18 9 6
rs2913 847 216 86 57 33 18 9 6
rs1210642 848 216 86 57 33 18 9 6
rs5992351 849 217 87 58 34 18 9 6
rs2023635 850 217 87 58 34 18 9 6
rs17810512 851 217 87 58 34 18 9 6
rs5993461 852 217 87 58 34 18 9 6
rs5993463 853 217 87 58 34 18 9 6
rs12157835 854 217 87 58 34 18 9 6
rs6518508 855 218 87 58 34 18 9 6
rs2871006 856 218 87 58 34 18 9 6
rs17810560 857 218 87 58 34 18 9 6
rs10160 858 219 87 58 34 18 9 6
rs2072123 859 219 87 58 34 18 9 6
rs2283641 860 219 87 58 34 18 9 6
rs6518516 861 219 87 58 34 18 9 6
rs6518517 862 219 87 58 34 18 9 6
rs715590 863 219 87 58 34 18 9 6
rs2871009 864 219 87 58 34 18 9 6
rs8141454 865 219 87 58 34 18 9 6
rs17810649 866 219 87 58 34 18 9 6
rs2240102 867 219 87 58 34 18 9 6
rs2074004 868 219 87 58 34 18 9 6
rs2074003 869 219 87 58 34 18 9 6
rs2057754 870 219 87 58 34 18 9 6
rs6518518 871 219 87 58 34 18 9 6
rs5993482 872 219 87 58 34 18 9 6
rs2238736 873 219 87 58 34 18 9 6
rs2107297 874 219 87 58 34 18 9 6
rs2238739 875 219 87 58 34 18 9 6
rs2238740 876 219 87 58 34 18 9 6
rs2238741 877 219 87 58 34 18 9 6
rs2238743 878 219 87 58 34 18 9 6
rs2238745 879 219 87 58 34 18 9 6
rs2238747 880 219 87 58 34 18 9 6
rs5993488 881 219 87 58 34 18 9 6
rs2238748 882 219 87 58 34 18 9 6
rs1557844 883 219 87 58 34 18 9 6
rs1557845 884 219 87 58 34 18 9 6
rs2239396 885 219 87 58 34 18 9 6
rs2238749 886 219 87 58 34 18 9 6
rs5993492 887 219 87 58 34 18 9 6
rs6518522 888 219 87 58 34 18 9 6
rs5993493 889 219 87 58 34 18 9 6
rs5993494 890 219 87 58 34 18 9 6
rs2238750 891 219 87 58 34 18 9 6
rs2238751 892 219 87 58 34 18 9 6
rs1557847 893 219 87 58 34 18 9 6
rs5993507 894 219 87 58 34 18 9 6
rs5993509 895 219 87 58 34 18 9 6
rs2238755 896 219 87 58 34 18 9 6
rs2800980 897 219 87 58 34 18 9 6
rs5993518 898 219 87 58 34 18 9 6
rs5992362 899 219 87 58 34 18 9 6
rs5993522 900 219 87 58 34 18 9 6
rs2525037 901 219 87 58 34 18 9 6
rs17743642 902 219 87 58 34 18 9 6
rs2793064 903 219 87 58 34 18 9 6
rs10483100 904 219 87 58 34 18 9 6
rs2800954 905 219 87 58 34 18 9 6
rs8135308 906 219 87 58 34 18 9 6
rs2800972 907 219 87 58 34 18 9 6
rs2189490 908 219 87 58 34 18 9 6
rs2096055 909 219 87 58 34 18 9 6
rs2105421 910 220 87 58 34 18 9 6
rs1034727 911 220 87 58 34 18 9 6
rs2096377 912 220 87 58 34 18 9 6
rs2800981 913 220 87 58 34 18 9 6
rs2525079 914 220 87 58 34 18 9 6
rs2854661 915 220 87 58 34 18 9 6
rs5993533 916 220 87 58 34 18 9 6
rs9789944 917 220 87 58 34 18 9 6
rs2800987 918 220 87 58 34 18 9 6
rs712966 919 220 87 58 34 18 9 6
rs807740 920 220 87 58 34 18 9 6
rs807742 921 220 87 58 34 18 9 6
rs807743 922 220 87 58 34 18 9 6
rs807744 923 220 87 58 34 18 9 6
rs807749 924 220 87 58 34 18 9 6
rs811107 925 220 87 58 34 18 9 6
rs807750 926 220 87 58 34 18 9 6
rs807751 927 220 87 58 34 18 9 6
rs807753 928 220 87 58 34 18 9 6
rs807758 929 220 87 58 34 18 9 6
rs807759 930 220 87 58 34 18 9 6
rs17811029 931 220 87 58 34 18 9 6
rs17811040 932 220 87 58 34 18 9 6
rs2240112 933 220 87 58 34 18 9 6
rs16983371 934 220 87 58 34 18 9 6
rs5747997 935 220 87 58 34 18 9 6
rs737923 936 221 88 59 34 18 9 6
rs7284958 937 221 88 59 34 18 9 6
rs4819776 938 222 88 59 34 18 9 6
rs4819778 939 222 88 59 34 18 9 6
rs5992372 940 222 88 59 34 18 9 6
rs2275901 941 222 88 59 34 18 9 6
rs4819779 942 223 88 59 34 18 9 6
rs3761405 943 224 88 59 34 18 9 6
rs2871019 944 225 89 60 35 19 9 6
rs2096376 945 225 89 60 35 19 9 6
rs5748014 946 226 89 60 35 19 9 6
rs4819781 947 226 89 60 35 19 9 6
rs4819782 948 226 89 60 35 19 9 6
rs4819783 949 226 89 60 35 19 9 6
rs2097789 950 226 89 60 35 19 9 6
rs807669 951 227 90 60 35 19 9 6
rs807670 952 227 90 60 35 19 9 6
rs2000338 953 227 90 60 35 19 9 6
rs712964 954 227 90 60 35 19 9 6
rs712963 955 227 90 60 35 19 9 6
rs5746671 956 228 90 60 35 19 9 6
rs807667 957 228 90 60 35 19 9 6
rs2040771 958 228 90 60 35 19 9 6
rs738904 959 228 90 60 35 19 9 6
rs712958 960 228 90 60 35 19 9 6
rs2800974 961 228 90 60 35 19 9 6
rs2800973 962 228 90 60 35 19 9 6
rs762529 963 228 90 60 35 19 9 6
rs1780642 964 228 90 60 35 19 9 6
rs1018764 965 228 90 60 35 19 9 6
rs1771540 966 228 90 60 35 19 9 6
rs6518531 967 228 90 60 35 19 9 6
rs756651 968 228 90 60 35 19 9 6
rs762523 969 228 90 60 35 19 9 6
rs762527 970 228 90 60 35 19 9 6
rs1061325 971 228 90 60 35 19 9 6
rs2282684 972 228 90 60 35 19 9 6
rs5746682 973 228 90 60 35 19 9 6
rs723414 974 228 90 60 35 19 9 6
rs9605957 975 228 90 60 35 19 9 6
rs2236759 976 228 90 60 35 19 9 6
rs2854643 977 228 90 60 35 19 9 6
rs11089259 978 228 90 60 35 19 9 6
rs1780643 979 228 90 60 35 19 9 6
rs5746685 980 228 90 60 35 19 9 6
rs9604934 981 228 90 60 35 19 9 6
rs2073740 982 228 90 60 35 19 9 6
rs885978 983 228 90 60 35 19 9 6
rs885979 984 228 90 60 35 19 9 6
rs698422 985 229 90 60 35 19 9 6
rs1206544 986 229 90 60 35 19 9 6
rs2073754 987 229 90 60 35 19 9 6
rs809901 988 229 90 60 35 19 9 6
rs807431 989 229 90 60 35 19 9 6
rs9605972 990 229 90 60 35 19 9 6
rs1340958 991 229 90 60 35 19 9 6
rs2518840 992 229 90 60 35 19 9 6
rs362148 993 230 90 60 35 19 9 6
rs361787 994 230 90 60 35 19 9 6
rs361991 995 230 90 60 35 19 9 6
rs361956 996 230 90 60 35 19 9 6
rs5748099 997 230 90 60 35 19 9 6
rs2078750 998 230 90 60 35 19 9 6
rs2283646 999 230 90 60 35 19 9 6
rs7354796 1000 230 90 60 35 19 9 6
