SNP res_8 res_7 res_6 res_5 res_4 res_3 res_2 res_1
rs7282547 1 1 1 1 1 1 1 1
rs2792379 2 2 2 2 1 1 1 1
rs2792452 3 3 2 2 1 1 1 1
rs1929150 4 4 3 2 1 1 1 1
rs2822068 5 4 3 2 1 1 1 1
rs2260407 6 4 3 2 1 1 1 1
rs2260627 7 5 3 2 1 1 1 1
rs7282370 8 5 3 2 1 1 1 1
rs2260673 9 5 3 2 1 1 1 1
rs2258197 10 6 4 3 2 1 1 1
rs2822124 11 6 4 3 2 1 1 1
rs1929143 12 6 4 3 2 1 1 1
rs743068 13 6 4 3 2 1 1 1
rs743067 14 6 4 3 2 1 1 1
rs2822135 15 7 4 3 2 1 1 1
rs2822142 16 7 4 3 2 1 1 1
rs2020154 17 8 5 4 2 1 1 1
rs2261808 18 9 5 4 2 1 1 1
rs2775054 19 9 5 4 2 1 1 1
rs9680467 20 10 5 4 2 1 1 1
rs2822182 21 10 5 4 2 1 1 1
rs8131978 22 11 5 4 2 1 1 1
rs3115511 23 12 5 4 2 1 1 1
rs8184939 24 13 6 5 3 2 1 1
rs12481766 25 14 7 5 3 2 1 1
rs7276618 26 14 7 5 3 2 1 1
rs2822232 27 15 7 5 3 2 1 1
rs381041 28 15 7 5 3 2 1 1
rs3115459 29 16 8 6 4 2 1 1
rs3094817 30 17 8 6 4 2 1 1
rs2822264 31 17 8 6 4 2 1 1
rs2822319 32 18 8 6 4 2 1 1
rs8134986 33 18 8 6 4 2 1 1
rs390344 34 18 8 6 4 2 1 1
rs447479 35 19 8 6 4 2 1 1
rs2822341 36 19 8 6 4 2 1 1
rs450083 37 19 8 6 4 2 1 1
rs1297006 38 19 8 6 4 2 1 1
rs2822346 39 19 8 6 4 2 1 1
rs7277366 40 20 9 7 4 2 1 1
rs7278536 41 21 10 8 5 3 2 2
rs1297094 42 22 10 8 5 3 2 2
rs1297095 43 22 10 8 5 3 2 2
rs1297098 44 22 10 8 5 3 2 2
rs1297100 45 23 10 8 5 3 2 2
rs1297104 46 23 10 8 5 3 2 2
rs2822371 47 24 11 8 5 3 2 2
rs2822379 48 24 11 8 5 3 2 2
rs7283783 49 25 11 8 5 3 2 2
rs2155966 50 25 11 8 5 3 2 2
rs2822389 51 25 11 8 5 3 2 2
rs2822391 52 25 11 8 5 3 2 2
rs2187066 53 25 11 8 5 3 2 2
rs7275446 54 25 11 8 5 3 2 2
rs4816917 55 25 11 8 5 3 2 2
rs9983190 56 25 11 8 5 3 2 2
rs2155965 57 25 11 8 5 3 2 2
rs3859679 58 25 11 8 5 3 2 2
rs1810864 59 25 11 8 5 3 2 2
rs12627290 60 25 11 8 5 3 2 2
rs2822397 61 26 12 9 6 3 2 2
rs2226730 62 26 12 9 6 3 2 2
rs6516610 63 26 12 9 6 3 2 2
rs7280792 64 26 12 9 6 3 2 2
rs2822400 65 26 12 9 6 3 2 2
rs4816227 66 26 12 9 6 3 2 2
rs8131499 67 26 12 9 6 3 2 2
rs2822403 68 26 12 9 6 3 2 2
rs2822405 69 26 12 9 6 3 2 2
rs2187275 70 26 12 9 6 3 2 2
rs9978327 71 26 12 9 6 3 2 2
rs2822408 72 26 12 9 6 3 2 2
rs1974407 73 26 12 9 6 3 2 2
rs12482147 74 26 12 9 6 3 2 2
rs8133096 75 26 12 9 6 3 2 2
rs4539869 76 27 12 9 6 3 2 2
rs7278737 77 27 12 9 6 3 2 2
rs1556277 78 27 12 9 6 3 2 2
rs12627315 79 27 12 9 6 3 2 2
rs11701744 80 27 12 9 6 3 2 2
rs2822409 81 27 12 9 6 3 2 2
rs2822410 82 27 12 9 6 3 2 2
rs2822413 83 27 12 9 6 3 2 2
rs2246835 84 27 12 9 6 3 2 2
rs1115649 85 27 12 9 6 3 2 2
rs2187063 86 27 12 9 6 3 2 2
rs2155971 87 27 12 9 6 3 2 2
rs2187064 88 27 12 9 6 3 2 2
rs1970046 89 27 12 9 6 3 2 2
rs2263412 90 27 12 9 6 3 2 2
rs8132149 91 27 12 9 6 3 2 2
rs2032285 92 27 12 9 6 3 2 2
rs2822424 93 27 12 9 6 3 2 2
rs2822426 94 27 12 9 6 3 2 2
rs2822429 95 28 12 9 6 3 2 2
rs914112 96 28 12 9 6 3 2 2
rs2822430 97 28 12 9 6 3 2 2
rs2822433 98 28 12 9 6 3 2 2
rs2822436 99 28 12 9 6 3 2 2
rs13047430 100 29 13 9 6 3 2 2
rs2155963 101 29 13 9 6 3 2 2
rs9977811 102 29 13 9 6 3 2 2
rs12482146 103 29 13 9 6 3 2 2
rs7283595 104 29 13 9 6 3 2 2
rs7282646 105 29 13 9 6 3 2 2
rs392006 106 29 13 9 6 3 2 2
rs431864 107 29 13 9 6 3 2 2
rs442882 108 29 13 9 6 3 2 2
rs389322 109 29 13 9 6 3 2 2
rs428652 110 29 13 9 6 3 2 2
rs374916 111 29 13 9 6 3 2 2
rs435081 112 29 13 9 6 3 2 2
rs2822437 113 29 13 9 6 3 2 2
rs2822438 114 29 13 9 6 3 2 2
rs397825 115 29 13 9 6 3 2 2
rs2822439 116 29 13 9 6 3 2 2
rs409070 117 29 13 9 6 3 2 2
rs381199 118 29 13 9 6 3 2 2
rs9983425 119 29 13 9 6 3 2 2
rs2403760 120 29 13 9 6 3 2 2
rs118511 121 30 13 9 6 3 2 2
rs447455 122 30 13 9 6 3 2 2
rs392947 123 30 13 9 6 3 2 2
rs371195 124 30 13 9 6 3 2 2
rs431859 125 30 13 9 6 3 2 2
rs2192160 126 31 14 10 7 4 2 2
rs1006837 127 32 14 10 7 4 2 2
rs10482851 128 33 15 11 7 4 2 2
rs2822445 129 34 15 11 7 4 2 2
rs2822447 130 34 15 11 7 4 2 2
rs2822450 131 34 15 11 7 4 2 2
rs4384867 132 34 15 11 7 4 2 2
rs433899 133 34 15 11 7 4 2 2
rs2822454 134 34 15 11 7 4 2 2
rs2822457 135 34 15 11 7 4 2 2
rs2822461 136 34 15 11 7 4 2 2
rs2822466 137 34 15 11 7 4 2 2
rs2110156 138 34 15 11 7 4 2 2
rs2110154 139 34 15 11 7 4 2 2
rs2822474 140 34 15 11 7 4 2 2
rs9975182 141 34 15 11 7 4 2 2
rs2822476 142 34 15 11 7 4 2 2
rs2822482 143 34 15 11 7 4 2 2
rs2822484 144 34 15 11 7 4 2 2
rs2822485 145 34 15 11 7 4 2 2
rs2822487 146 34 15 11 7 4 2 2
rs2822489 147 34 15 11 7 4 2 2
rs2041610 148 34 15 11 7 4 2 2
rs2822493 149 34 15 11 7 4 2 2
rs2822495 150 34 15 11 7 4 2 2
rs2822497 151 34 15 11 7 4 2 2
rs2822501 152 34 15 11 7 4 2 2
rs2245631 153 34 15 11 7 4 2 2
rs2245637 154 34 15 11 7 4 2 2
rs434396 155 35 15 11 7 4 2 2
rs439146 156 35 15 11 7 4 2 2
rs2822503 157 35 15 11 7 4 2 2
rs9647114 158 35 15 11 7 4 2 2
rs9647115 159 35 15 11 7 4 2 2
rs2822504 160 35 15 11 7 4 2 2
rs926880 161 35 15 11 7 4 2 2
rs422285 162 35 15 11 7 4 2 2
rs2822506 163 35 15 11 7 4 2 2
rs403721 164 35 15 11 7 4 2 2
rs403685 165 35 15 11 7 4 2 2
rs393270 166 35 15 11 7 4 2 2
rs416083 167 35 15 11 7 4 2 2
rs380011 168 35 15 11 7 4 2 2
rs381319 169 35 15 11 7 4 2 2
rs447420 170 35 15 11 7 4 2 2
rs425348 171 35 15 11 7 4 2 2
rs454215 172 35 15 11 7 4 2 2
rs414651 173 35 15 11 7 4 2 2
rs411149 174 35 15 11 7 4 2 2
rs396735 175 35 15 11 7 4 2 2
rs372192 176 35 15 11 7 4 2 2
rs2849867 177 35 15 11 7 4 2 2
rs6516698 178 35 15 11 7 4 2 2
rs6516699 179 35 15 11 7 4 2 2
rs6516700 180 35 15 11 7 4 2 2
rs6516703 181 35 15 11 7 4 2 2
rs12627045 182 35 15 11 7 4 2 2
rs2822515 183 35 15 11 7 4 2 2
rs380448 184 35 15 11 7 4 2 2
rs396966 185 35 15 11 7 4 2 2
rs417214 186 35 15 11 7 4 2 2
rs366582 187 35 15 11 7 4 2 2
rs450799 188 35 15 11 7 4 2 2
rs452620 189 35 15 11 7 4 2 2
rs432114 190 35 15 11 7 4 2 2
rs365433 191 35 15 11 7 4 2 2
rs375484 192 35 15 11 7 4 2 2
rs377191 193 35 15 11 7 4 2 2
rs386838 194 35 15 11 7 4 2 2
rs2510311 195 35 15 11 7 4 2 2
rs372992 196 35 15 11 7 4 2 2
rs381944 197 35 15 11 7 4 2 2
rs9305276 198 36 15 11 7 4 2 2
rs2013669 199 36 15 11 7 4 2 2
rs7277033 200 36 15 11 7 4 2 2
rs2822519 201 36 15 11 7 4 2 2
rs2822522 202 37 15 11 7 4 2 2
rs2822524 203 37 15 11 7 4 2 2
rs2822526 204 37 15 11 7 4 2 2
rs4816274 205 37 15 11 7 4 2 2
rs2822529 206 37 15 11 7 4 2 2
rs2822538 207 38 15 11 7 4 2 2
rs2822545 208 38 15 11 7 4 2 2
rs2822548 209 38 15 11 7 4 2 2
rs1153303 210 39 16 11 7 4 2 2
rs2822551 211 39 16 11 7 4 2 2
rs1014539 212 39 16 11 7 4 2 2
rs1153304 213 39 16 11 7 4 2 2
rs1153306 214 39 16 11 7 4 2 2
rs1153307 215 39 16 11 7 4 2 2
rs2822556 216 40 16 11 7 4 2 2
rs1153312 217 41 17 12 8 4 2 2
rs1153313 218 41 17 12 8 4 2 2
rs1153314 219 41 17 12 8 4 2 2
rs1153315 220 41 17 12 8 4 2 2
rs1297115 221 41 17 12 8 4 2 2
rs980669 222 41 17 12 8 4 2 2
rs980268 223 41 17 12 8 4 2 2
rs1153317 224 41 17 12 8 4 2 2
rs1153318 225 41 17 12 8 4 2 2
rs1153321 226 41 17 12 8 4 2 2
rs1297112 227 41 17 12 8 4 2 2
rs1153322 228 41 17 12 8 4 2 2
rs1153324 229 42 17 12 8 4 2 2
rs1153329 230 42 17 12 8 4 2 2
rs1153330 231 42 17 12 8 4 2 2
rs887773 232 42 17 12 8 4 2 2
rs887772 233 42 17 12 8 4 2 2
rs1153333 234 42 17 12 8 4 2 2
rs2822564 235 42 17 12 8 4 2 2
rs11701399 236 42 17 12 8 4 2 2
rs8131875 237 42 17 12 8 4 2 2
rs887769 238 43 17 12 8 4 2 2
rs887768 239 43 17 12 8 4 2 2
rs2403770 240 43 17 12 8 4 2 2
rs1297152 241 43 17 12 8 4 2 2
rs1297151 242 43 17 12 8 4 2 2
rs954616 243 43 17 12 8 4 2 2
rs13046009 244 44 17 12 8 4 2 2
rs2245589 245 44 17 12 8 4 2 2
rs4387887 246 44 17 12 8 4 2 2
rs1124322 247 44 17 12 8 4 2 2
rs1123271 248 44 17 12 8 4 2 2
rs2822577 249 44 17 12 8 4 2 2
rs2822580 250 44 17 12 8 4 2 2
rs2822582 251 44 17 12 8 4 2 2
rs8131404 252 44 17 12 8 4 2 2
rs2822591 253 44 17 12 8 4 2 2
rs2250102 254 44 17 12 8 4 2 2
rs2178907 255 44 17 12 8 4 2 2
rs2822600 256 44 17 12 8 4 2 2
rs2822612 257 45 17 12 8 4 2 2
rs2822615 258 45 17 12 8 4 2 2
rs2205254 259 45 17 12 8 4 2 2
rs2822618 260 45 17 12 8 4 2 2
rs13048016 261 45 17 12 8 4 2 2
rs2822620 262 46 18 13 8 4 2 2
rs2223050 263 47 18 13 8 4 2 2
rs2822623 264 47 18 13 8 4 2 2
rs2822624 265 47 18 13 8 4 2 2
rs2822626 266 47 18 13 8 4 2 2
rs2014832 267 47 18 13 8 4 2 2
rs2822627 268 47 18 13 8 4 2 2
rs9978851 269 47 18 13 8 4 2 2
rs2822628 270 47 18 13 8 4 2 2
rs9982492 271 47 18 13 8 4 2 2
rs2822631 272 47 18 13 8 4 2 2
rs2822632 273 47 18 13 8 4 2 2
rs1040330 274 47 18 13 8 4 2 2
rs2822633 275 47 18 13 8 4 2 2
rs7282521 276 47 18 13 8 4 2 2
rs2822636 277 47 18 13 8 4 2 2
rs2822637 278 47 18 13 8 4 2 2
rs11088017 279 47 18 13 8 4 2 2
rs2822638 280 47 18 13 8 4 2 2
rs12479 281 47 18 13 8 4 2 2
rs2822640 282 47 18 13 8 4 2 2
rs2822642 283 47 18 13 8 4 2 2
rs6516754 284 47 18 13 8 4 2 2
rs13051824 285 48 18 13 8 4 2 2
rs2822648 286 48 18 13 8 4 2 2
rs1882881 287 48 18 13 8 4 2 2
rs17274128 288 48 18 13 8 4 2 2
rs2242661 289 48 18 13 8 4 2 2
rs2822649 290 48 18 13 8 4 2 2
rs2822650 291 48 18 13 8 4 2 2
rs2822652 292 48 18 13 8 4 2 2
rs2822653 293 48 18 13 8 4 2 2
rs2142239 294 48 18 13 8 4 2 2
rs2822654 295 48 18 13 8 4 2 2
rs1882882 296 48 18 13 8 4 2 2
rs1882884 297 48 18 13 8 4 2 2
rs1882885 298 48 18 13 8 4 2 2
rs2822657 299 49 18 13 8 4 2 2
rs9981018 300 49 18 13 8 4 2 2
rs2822658 301 49 18 13 8 4 2 2
rs2822659 302 49 18 13 8 4 2 2
rs2252199 303 49 18 13 8 4 2 2
rs2822661 304 49 18 13 8 4 2 2
rs2822662 305 49 18 13 8 4 2 2
rs728069 306 49 18 13 8 4 2 2
rs9982350 307 49 18 13 8 4 2 2
rs6516777 308 49 18 13 8 4 2 2
rs11088040 309 49 18 13 8 4 2 2
rs719074 310 50 19 14 9 4 2 2
rs8128425 311 51 20 14 9 4 2 2
rs723855 312 51 20 14 9 4 2 2
rs2822687 313 51 20 14 9 4 2 2
rs116136 314 52 21 15 10 5 3 3
rs368657 315 52 21 15 10 5 3 3
rs376635 316 52 21 15 10 5 3 3
rs405792 317 52 21 15 10 5 3 3
rs1735484 318 52 21 15 10 5 3 3
rs427307 319 52 21 15 10 5 3 3
rs2822706 320 53 21 15 10 5 3 3
rs2822707 321 53 21 15 10 5 3 3
rs13051520 322 53 21 15 10 5 3 3
rs2274796 323 53 21 15 10 5 3 3
rs3761320 324 54 22 15 10 5 3 3
rs2049857 325 54 22 15 10 5 3 3
rs2049858 326 54 22 15 10 5 3 3
rs1556278 327 54 22 15 10 5 3 3
rs1556279 328 54 22 15 10 5 3 3
rs1556280 329 54 22 15 10 5 3 3
rs2822712 330 54 22 15 10 5 3 3
rs1028270 331 54 22 15 10 5 3 3
rs1028271 332 54 22 15 10 5 3 3
rs1028273 333 54 22 15 10 5 3 3
rs2822716 334 54 22 15 10 5 3 3
rs2822718 335 55 22 15 10 5 3 3
rs1882911 336 55 22 15 10 5 3 3
rs8132898 337 55 22 15 10 5 3 3
rs13051840 338 55 22 15 10 5 3 3
rs2822722 339 55 22 15 10 5 3 3
rs2822723 340 55 22 15 10 5 3 3
rs2822724 341 55 22 15 10 5 3 3
rs2822727 342 55 22 15 10 5 3 3
rs2822732 343 55 22 15 10 5 3 3
rs2822733 344 55 22 15 10 5 3 3
rs2822734 345 55 22 15 10 5 3 3
rs1882914 346 56 22 15 10 5 3 3
rs2822736 347 56 22 15 10 5 3 3
rs2822737 348 56 22 15 10 5 3 3
rs2822740 349 56 22 15 10 5 3 3
rs4817234 350 56 22 15 10 5 3 3
rs2822743 351 56 22 15 10 5 3 3
rs4817235 352 56 22 15 10 5 3 3
rs2822746 353 56 22 15 10 5 3 3
rs2822747 354 56 22 15 10 5 3 3
rs2822748 355 56 22 15 10 5 3 3
rs2064022 356 56 22 15 10 5 3 3
rs2064023 357 56 22 15 10 5 3 3
rs2822749 358 56 22 15 10 5 3 3
rs2822752 359 56 22 15 10 5 3 3
rs2822753 360 56 22 15 10 5 3 3
rs2822754 361 57 22 15 10 5 3 3
rs2822755 362 57 22 15 10 5 3 3
rs2822756 363 57 22 15 10 5 3 3
rs2822757 364 57 22 15 10 5 3 3
rs2822758 365 57 22 15 10 5 3 3
rs2822759 366 57 22 15 10 5 3 3
rs2142312 367 57 22 15 10 5 3 3
rs2178933 368 57 22 15 10 5 3 3
rs1980955 369 57 22 15 10 5 3 3
rs10854319 370 57 22 15 10 5 3 3
rs7280293 371 57 22 15 10 5 3 3
rs9982259 372 57 22 15 10 5 3 3
rs2822761 373 57 22 15 10 5 3 3
rs7281104 374 57 22 15 10 5 3 3
rs12329657 375 57 22 15 10 5 3 3
rs2822764 376 57 22 15 10 5 3 3
rs3810580 377 57 22 15 10 5 3 3
rs2822765 378 57 22 15 10 5 3 3
rs2822766 379 57 22 15 10 5 3 3
rs2822767 380 57 22 15 10 5 3 3
rs6516877 381 57 22 15 10 5 3 3
rs7280738 382 57 22 15 10 5 3 3
rs13048954 383 57 22 15 10 5 3 3
rs9980395 384 57 22 15 10 5 3 3
rs2223092 385 57 22 15 10 5 3 3
rs9980490 386 58 23 15 10 5 3 3
rs11909106 387 58 23 15 10 5 3 3
rs7282042 388 58 23 15 10 5 3 3
rs2822768 389 59 23 15 10 5 3 3
rs2822769 390 59 23 15 10 5 3 3
rs2822772 391 59 23 15 10 5 3 3
rs760347 392 59 23 15 10 5 3 3
rs1556281 393 59 23 15 10 5 3 3
rs2142314 394 59 23 15 10 5 3 3
rs1974155 395 59 23 15 10 5 3 3
rs2178937 396 59 23 15 10 5 3 3
rs1022446 397 59 23 15 10 5 3 3
rs989938 398 59 23 15 10 5 3 3
rs2822776 399 60 23 15 10 5 3 3
rs2822777 400 60 23 15 10 5 3 3
rs2822784 401 61 24 16 11 5 3 3
rs2822785 402 61 24 16 11 5 3 3
rs2822786 403 61 24 16 11 5 3 3
rs457393 404 61 24 16 11 5 3 3
rs460622 405 61 24 16 11 5 3 3
rs6516899 406 62 25 17 11 5 3 3
rs455221 407 62 25 17 11 5 3 3
rs465340 408 62 25 17 11 5 3 3
rs459526 409 62 25 17 11 5 3 3
rs467140 410 62 25 17 11 5 3 3
rs460852 411 62 25 17 11 5 3 3
rs461178 412 63 25 17 11 5 3 3
rs465122 413 63 25 17 11 5 3 3
rs458143 414 63 25 17 11 5 3 3
rs458525 415 63 25 17 11 5 3 3
rs466541 416 63 25 17 11 5 3 3
rs461853 417 63 25 17 11 5 3 3
rs12162546 418 63 25 17 11 5 3 3
rs1000728 419 63 25 17 11 5 3 3
rs2822809 420 63 25 17 11 5 3 3
rs1299295 421 63 25 17 11 5 3 3
rs1380450 422 63 25 17 11 5 3 3
rs1292586 423 64 25 17 11 5 3 3
rs462450 424 64 25 17 11 5 3 3
rs455658 425 64 25 17 11 5 3 3
rs421894 426 64 25 17 11 5 3 3
rs457460 427 64 25 17 11 5 3 3
rs463266 428 64 25 17 11 5 3 3
rs455597 429 64 25 17 11 5 3 3
rs459879 430 64 25 17 11 5 3 3
rs439328 431 65 26 17 11 5 3 3
rs7277303 432 65 26 17 11 5 3 3
rs2822828 433 66 26 17 11 5 3 3
rs396981 434 66 26 17 11 5 3 3
rs462074 435 66 26 17 11 5 3 3
rs2125755 436 66 26 17 11 5 3 3
rs1037807 437 66 26 17 11 5 3 3
rs2822834 438 67 26 17 11 5 3 3
rs2822835 439 67 26 17 11 5 3 3
rs1888397 440 67 26 17 11 5 3 3
rs1888398 441 67 26 17 11 5 3 3
rs2822836 442 68 26 17 11 5 3 3
rs960479 443 68 26 17 11 5 3 3
rs2822837 444 69 27 18 12 6 3 3
rs8132751 445 69 27 18 12 6 3 3
rs9647135 446 70 27 18 12 6 3 3
rs2822839 447 70 27 18 12 6 3 3
rs8130759 448 70 27 18 12 6 3 3
rs2822842 449 70 27 18 12 6 3 3
rs12627250 450 70 27 18 12 6 3 3
rs9979303 451 70 27 18 12 6 3 3
rs9978604 452 70 27 18 12 6 3 3
rs4591420 453 70 27 18 12 6 3 3
rs12627144 454 70 27 18 12 6 3 3
rs2822845 455 70 27 18 12 6 3 3
rs2822846 456 70 27 18 12 6 3 3
rs2822849 457 70 27 18 12 6 3 3
rs461309 458 70 27 18 12 6 3 3
rs465976 459 70 27 18 12 6 3 3
rs466557 460 70 27 18 12 6 3 3
rs461510 461 70 27 18 12 6 3 3
rs461408 462 70 27 18 12 6 3 3
rs2822851 463 70 27 18 12 6 3 3
rs461293 464 70 27 18 12 6 3 3
rs9983503 465 70 27 18 12 6 3 3
rs9984944 466 70 27 18 12 6 3 3
rs1870511 467 70 27 18 12 6 3 3
rs1474819 468 70 27 18 12 6 3 3
rs2822853 469 70 27 18 12 6 3 3
rs2822858 470 70 27 18 12 6 3 3
rs2822859 471 70 27 18 12 6 3 3
rs2822860 472 70 27 18 12 6 3 3
rs2822861 473 70 27 18 12 6 3 3
rs3859697 474 70 27 18 12 6 3 3
rs1153350 475 70 27 18 12 6 3 3
rs2822864 476 70 27 18 12 6 3 3
rs990140 477 70 27 18 12 6 3 3
rs2822867 478 70 27 18 12 6 3 3
rs2822868 479 70 27 18 12 6 3 3
rs7282599 480 70 27 18 12 6 3 3
rs1153354 481 70 27 18 12 6 3 3
rs2822872 482 70 27 18 12 6 3 3
rs458052 483 71 27 18 12 6 3 3
rs2246699 484 71 27 18 12 6 3 3
rs2169079 485 71 27 18 12 6 3 3
rs1011867 486 71 27 18 12 6 3 3
rs1292738 487 71 27 18 12 6 3 3
rs1292739 488 71 27 18 12 6 3 3
rs2822879 489 71 27 18 12 6 3 3
rs2822889 490 72 28 19 12 6 3 3
rs2822890 491 72 28 19 12 6 3 3
rs8128481 492 72 28 19 12 6 3 3
rs2822891 493 72 28 19 12 6 3 3
rs2822892 494 72 28 19 12 6 3 3
rs2822894 495 72 28 19 12 6 3 3
rs2822895 496 72 28 19 12 6 3 3
rs8132820 497 72 28 19 12 6 3 3
rs1380446 498 72 28 19 12 6 3 3
rs2822898 499 72 28 19 12 6 3 3
rs2822899 500 72 28 19 12 6 3 3
rs7277937 501 72 28 19 12 6 3 3
rs2822900 502 72 28 19 12 6 3 3
rs9983631 503 73 28 19 12 6 3 3
rs2822902 504 73 28 19 12 6 3 3
rs2822903 505 73 28 19 12 6 3 3
rs1882870 506 73 28 19 12 6 3 3
rs9636841 507 73 28 19 12 6 3 3
rs7283943 508 73 28 19 12 6 3 3
rs7275823 509 73 28 19 12 6 3 3
rs12482326 510 73 28 19 12 6 3 3
rs7280294 511 73 28 19 12 6 3 3
rs7275532 512 73 28 19 12 6 3 3
rs7275790 513 73 28 19 12 6 3 3
rs8130955 514 73 28 19 12 6 3 3
rs8134576 515 73 28 19 12 6 3 3
rs9636843 516 73 28 19 12 6 3 3
rs9636594 517 73 28 19 12 6 3 3
rs9636595 518 73 28 19 12 6 3 3
rs7280121 519 73 28 19 12 6 3 3
rs1882871 520 73 28 19 12 6 3 3
rs1882872 521 73 28 19 12 6 3 3
rs1882873 522 73 28 19 12 6 3 3
rs1882874 523 73 28 19 12 6 3 3
rs2403805 524 73 28 19 12 6 3 3
rs8133806 525 73 28 19 12 6 3 3
rs7282883 526 73 28 19 12 6 3 3
rs954826 527 73 28 19 12 6 3 3
rs2822907 528 74 29 19 12 6 3 3
rs2403806 529 74 29 19 12 6 3 3
rs11702010 530 75 30 20 12 6 3 3
rs2822908 531 75 30 20 12 6 3 3
rs2822909 532 76 30 20 12 6 3 3
rs2822911 533 76 30 20 12 6 3 3
rs4817371 534 76 30 20 12 6 3 3
rs2822914 535 76 30 20 12 6 3 3
rs9980689 536 76 30 20 12 6 3 3
rs8129531 537 77 30 20 12 6 3 3
rs2178898 538 78 31 21 13 6 3 3
rs2822919 539 79 32 21 13 6 3 3
rs2822936 540 80 32 21 13 6 3 3
rs8127681 541 80 32 21 13 6 3 3
rs9979051 542 80 32 21 13 6 3 3
rs2822939 543 80 32 21 13 6 3 3
rs2822941 544 80 32 21 13 6 3 3
rs1569338 545 80 32 21 13 6 3 3
rs2822955 546 80 32 21 13 6 3 3
rs6517050 547 81 32 21 13 6 3 3
rs2150367 548 81 32 21 13 6 3 3
rs926130 549 82 33 22 13 6 3 3
rs2822961 550 83 34 23 14 7 4 4
rs1883003 551 83 34 23 14 7 4 4
rs2822962 552 83 34 23 14 7 4 4
rs2223163 553 83 34 23 14 7 4 4
rs2822963 554 83 34 23 14 7 4 4
rs2822964 555 83 34 23 14 7 4 4
rs2253406 556 84 34 23 14 7 4 4
rs7281317 557 84 34 23 14 7 4 4
rs2178998 558 84 34 23 14 7 4 4
rs2142455 559 84 34 23 14 7 4 4
rs2822965 560 85 34 23 14 7 4 4
rs1154883 561 86 34 23 14 7 4 4
rs2178999 562 86 34 23 14 7 4 4
rs964035 563 87 34 23 14 7 4 4
rs7282113 564 87 34 23 14 7 4 4
rs885264 565 87 34 23 14 7 4 4
rs885265 566 87 34 23 14 7 4 4
rs2822971 567 88 35 24 15 7 4 4
rs2822973 568 88 35 24 15 7 4 4
rs2822975 569 89 35 24 15 7 4 4
rs1980425 570 89 35 24 15 7 4 4
rs1002460 571 89 35 24 15 7 4 4
rs11911165 572 89 35 24 15 7 4 4
rs2403841 573 89 35 24 15 7 4 4
rs2822981 574 89 35 24 15 7 4 4
rs966529 575 89 35 24 15 7 4 4
rs2739525 576 89 35 24 15 7 4 4
rs2256417 577 89 35 24 15 7 4 4
rs2245317 578 89 35 24 15 7 4 4
rs2245411 579 89 35 24 15 7 4 4
rs2739526 580 89 35 24 15 7 4 4
rs2776036 581 90 35 24 15 7 4 4
rs2776037 582 91 36 25 15 7 4 4
rs2253363 583 91 36 25 15 7 4 4
rs2254107 584 92 36 25 15 7 4 4
rs2251643 585 92 36 25 15 7 4 4
rs9305518 586 93 36 25 15 7 4 4
rs2822986 587 93 36 25 15 7 4 4
rs2822987 588 93 36 25 15 7 4 4
rs2178894 589 93 36 25 15 7 4 4
rs1297213 590 93 36 25 15 7 4 4
rs1297214 591 93 36 25 15 7 4 4
rs1056947 592 93 36 25 15 7 4 4
rs2142450 593 93 36 25 15 7 4 4
rs1041403 594 93 36 25 15 7 4 4
rs1056930 595 93 36 25 15 7 4 4
rs2229741 596 94 37 25 15 7 4 4
rs13050325 597 94 37 25 15 7 4 4
rs2249465 598 94 37 25 15 7 4 4
rs7275299 599 94 37 25 15 7 4 4
rs909385 600 95 37 25 15 7 4 4
rs909387 601 95 37 25 15 7 4 4
rs2253231 602 95 37 25 15 7 4 4
rs2736090 603 95 37 25 15 7 4 4
rs2253436 604 95 37 25 15 7 4 4
rs1810404 605 95 37 25 15 7 4 4
rs2103466 606 95 37 25 15 7 4 4
rs7281606 607 95 37 25 15 7 4 4
rs1297215 608 95 37 25 15 7 4 4
rs2822995 609 95 37 25 15 7 4 4
rs2823000 610 95 37 25 15 7 4 4
rs2823001 611 95 37 25 15 7 4 4
rs2823005 612 96 37 25 15 7 4 4
rs1018353 613 96 37 25 15 7 4 4
rs2823008 614 96 37 25 15 7 4 4
rs9636612 615 96 37 25 15 7 4 4
rs2823011 616 96 37 25 15 7 4 4
rs7281183 617 96 37 25 15 7 4 4
rs1969600 618 96 37 25 15 7 4 4
rs2823019 619 96 37 25 15 7 4 4
rs2223041 620 97 37 25 15 7 4 4
rs1041404 621 97 37 25 15 7 4 4
rs2823029 622 97 37 25 15 7 4 4
rs9982976 623 97 37 25 15 7 4 4
rs2403875 624 98 38 26 16 7 4 4
rs2823032 625 98 38 26 16 7 4 4
rs2738824 626 98 38 26 16 7 4 4
rs2205239 627 98 38 26 16 7 4 4
rs2254152 628 98 38 26 16 7 4 4
rs2254729 629 98 38 26 16 7 4 4
rs2254956 630 98 38 26 16 7 4 4
rs2243778 631 98 38 26 16 7 4 4
rs975336 632 99 39 26 16 7 4 4
rs996688 633 100 39 26 16 7 4 4
rs2142222 634 101 39 26 16 7 4 4
rs2244105 635 102 39 26 16 7 4 4
rs2823040 636 103 40 27 17 8 4 4
rs2823041 637 103 40 27 17 8 4 4
rs2823042 638 103 40 27 17 8 4 4
rs2823044 639 103 40 27 17 8 4 4
rs2823045 640 103 40 27 17 8 4 4
rs2823048 641 103 40 27 17 8 4 4
rs2823052 642 103 40 27 17 8 4 4
rs2823053 643 103 40 27 17 8 4 4
rs2823054 644 103 40 27 17 8 4 4
rs760404 645 103 40 27 17 8 4 4
rs2150369 646 103 40 27 17 8 4 4
rs1003428 647 103 40 27 17 8 4 4
rs1003427 648 103 40 27 17 8 4 4
rs1556286 649 103 40 27 17 8 4 4
rs2823056 650 103 40 27 17 8 4 4
rs9977308 651 104 40 27 17 8 4 4
rs2823059 652 104 40 27 17 8 4 4
rs2823061 653 105 40 27 17 8 4 4
rs2823062 654 105 40 27 17 8 4 4
rs2823063 655 105 40 27 17 8 4 4
rs7282412 656 105 40 27 17 8 4 4
rs2403878 657 106 41 28 17 8 4 4
rs2823074 658 106 41 28 17 8 4 4
rs926164 659 107 42 28 17 8 4 4
rs1811811 660 107 42 28 17 8 4 4
rs2823085 661 107 42 28 17 8 4 4
rs2823087 662 107 42 28 17 8 4 4
rs2823088 663 107 42 28 17 8 4 4
rs741937 664 107 42 28 17 8 4 4
rs2049880 665 107 42 28 17 8 4 4
rs2823093 666 108 42 28 17 8 4 4
rs2896680 667 108 42 28 17 8 4 4
rs2256038 668 108 42 28 17 8 4 4
rs2823096 669 108 42 28 17 8 4 4
rs2823097 670 108 42 28 17 8 4 4
rs2823106 671 109 42 28 17 8 4 4
rs9975709 672 109 42 28 17 8 4 4
rs2008843 673 109 42 28 17 8 4 4
rs12482761 674 109 42 28 17 8 4 4
rs990302 675 109 42 28 17 8 4 4
rs2896689 676 109 42 28 17 8 4 4
rs2223128 677 109 42 28 17 8 4 4
rs2823110 678 109 42 28 17 8 4 4
rs2823111 679 109 42 28 17 8 4 4
rs2823112 680 109 42 28 17 8 4 4
rs2142362 681 109 42 28 17 8 4 4
rs2823113 682 109 42 28 17 8 4 4
rs1882959 683 109 42 28 17 8 4 4
rs12482386 684 109 42 28 17 8 4 4
rs2823115 685 109 42 28 17 8 4 4
rs7279893 686 109 42 28 17 8 4 4
rs2823117 687 110 42 28 17 8 4 4
rs2823118 688 110 42 28 17 8 4 4
rs12483016 689 110 42 28 17 8 4 4
rs8128132 690 110 42 28 17 8 4 4
rs2823119 691 110 42 28 17 8 4 4
rs12482303 692 110 42 28 17 8 4 4
rs2823121 693 110 42 28 17 8 4 4
rs2823122 694 110 42 28 17 8 4 4
rs2823123 695 110 42 28 17 8 4 4
rs1882961 696 110 42 28 17 8 4 4
rs1556283 697 110 42 28 17 8 4 4
rs965098 698 110 42 28 17 8 4 4
rs2823128 699 111 43 28 17 8 4 4
rs2823129 700 111 43 28 17 8 4 4
rs7282349 701 111 43 28 17 8 4 4
rs926167 702 111 43 28 17 8 4 4
rs2823131 703 111 43 28 17 8 4 4
rs7275438 704 111 43 28 17 8 4 4
rs7275695 705 111 43 28 17 8 4 4
rs2823135 706 111 43 28 17 8 4 4
rs2823136 707 111 43 28 17 8 4 4
rs7276622 708 111 43 28 17 8 4 4
rs11088317 709 111 43 28 17 8 4 4
rs2823137 710 111 43 28 17 8 4 4
rs2823139 711 112 43 28 17 8 4 4
rs1997595 712 112 43 28 17 8 4 4
rs1997596 713 112 43 28 17 8 4 4
rs2823141 714 112 43 28 17 8 4 4
rs2823144 715 113 44 29 18 8 4 4
rs2823145 716 113 44 29 18 8 4 4
rs2064040 717 113 44 29 18 8 4 4
rs2823149 718 113 44 29 18 8 4 4
rs2823151 719 113 44 29 18 8 4 4
rs2823152 720 113 44 29 18 8 4 4
rs9808777 721 113 44 29 18 8 4 4
rs2823154 722 113 44 29 18 8 4 4
rs2823155 723 113 44 29 18 8 4 4
rs13046557 724 113 44 29 18 8 4 4
rs2823158 725 114 44 29 18 8 4 4
rs11909130 726 114 44 29 18 8 4 4
rs2823161 727 114 44 29 18 8 4 4
rs2823165 728 114 44 29 18 8 4 4
rs2823168 729 114 44 29 18 8 4 4
rs2823169 730 114 44 29 18 8 4 4
rs2823172 731 114 44 29 18 8 4 4
rs2823173 732 114 44 29 18 8 4 4
rs2823174 733 114 44 29 18 8 4 4
rs2823175 734 114 44 29 18 8 4 4
rs12483396 735 114 44 29 18 8 4 4
rs2823177 736 114 44 29 18 8 4 4
rs2823178 737 114 44 29 18 8 4 4
rs6517303 738 114 44 29 18 8 4 4
rs2823179 739 114 44 29 18 8 4 4
rs2823180 740 114 44 29 18 8 4 4
rs2823181 741 114 44 29 18 8 4 4
rs396032 742 115 45 29 18 8 4 4
rs377935 743 116 45 29 18 8 4 4
rs373348 744 116 45 29 18 8 4 4
rs403964 745 116 45 29 18 8 4 4
rs369977 746 116 45 29 18 8 4 4
rs413285 747 116 45 29 18 8 4 4
rs421590 748 116 45 29 18 8 4 4
rs2823184 749 116 45 29 18 8 4 4
rs2823188 750 117 45 29 18 8 4 4
rs4239797 751 117 45 29 18 8 4 4
rs2823189 752 117 45 29 18 8 4 4
rs9982931 753 117 45 29 18 8 4 4
rs9982129 754 117 45 29 18 8 4 4
rs9982222 755 117 45 29 18 8 4 4
rs4817754 756 117 45 29 18 8 4 4
rs2823192 757 117 45 29 18 8 4 4
rs2823200 758 118 46 30 18 8 4 4
rs1158904 759 118 46 30 18 8 4 4
rs8128706 760 118 46 30 18 8 4 4
rs2823231 761 119 46 30 18 8 4 4
rs2403909 762 120 47 31 19 9 5 5
rs1620751 763 120 47 31 19 9 5 5
rs1297246 764 120 47 31 19 9 5 5
rs1297247 765 120 47 31 19 9 5 5
rs2739522 766 120 47 31 19 9 5 5
rs1985220 767 121 47 31 19 9 5 5
rs2823245 768 121 47 31 19 9 5 5
rs2205532 769 121 47 31 19 9 5 5
rs2823247 770 121 47 31 19 9 5 5
rs2205533 771 121 47 31 19 9 5 5
rs2823248 772 121 47 31 19 9 5 5
rs9981974 773 121 47 31 19 9 5 5
rs1023123 774 121 47 31 19 9 5 5
rs1736010 775 121 47 31 19 9 5 5
rs2823252 776 121 47 31 19 9 5 5
rs1297253 777 121 47 31 19 9 5 5
rs2823253 778 122 48 32 19 9 5 5
rs2823254 779 123 48 32 19 9 5 5
rs2823256 780 123 48 32 19 9 5 5
rs2403964 781 123 48 32 19 9 5 5
rs2403965 782 123 48 32 19 9 5 5
rs3765209 783 123 48 32 19 9 5 5
rs7280262 784 123 48 32 19 9 5 5
rs2823259 785 123 48 32 19 9 5 5
rs2823262 786 123 48 32 19 9 5 5
rs2823263 787 123 48 32 19 9 5 5
rs2823264 788 123 48 32 19 9 5 5
rs2823265 789 123 48 32 19 9 5 5
rs2242824 790 123 48 32 19 9 5 5
rs2823266 791 123 48 32 19 9 5 5
rs2823267 792 123 48 32 19 9 5 5
rs2823268 793 123 48 32 19 9 5 5
rs2242825 794 123 48 32 19 9 5 5
rs2243314 795 123 48 32 19 9 5 5
rs2823269 796 123 48 32 19 9 5 5
rs6517423 797 123 48 32 19 9 5 5
rs2242829 798 124 48 32 19 9 5 5
rs2823270 799 124 48 32 19 9 5 5
rs7280199 800 124 48 32 19 9 5 5
rs2823271 801 124 48 32 19 9 5 5
rs7279911 802 124 48 32 19 9 5 5
rs2403966 803 124 48 32 19 9 5 5
rs2823272 804 124 48 32 19 9 5 5
rs7278277 805 124 48 32 19 9 5 5
rs2242830 806 124 48 32 19 9 5 5
rs2243316 807 124 48 32 19 9 5 5
rs17209200 808 124 48 32 19 9 5 5
rs1736135 809 125 48 32 19 9 5 5
rs1736015 810 125 48 32 19 9 5 5
rs1297258 811 125 48 32 19 9 5 5
rs972010 812 125 48 32 19 9 5 5
rs1736018 813 125 48 32 19 9 5 5
rs1736140 814 125 48 32 19 9 5 5
rs991774 815 125 48 32 19 9 5 5
rs1736144 816 125 48 32 19 9 5 5
rs1736145 817 125 48 32 19 9 5 5
rs1736020 818 125 48 32 19 9 5 5
rs1297260 819 125 48 32 19 9 5 5
rs1736023 820 125 48 32 19 9 5 5
rs1736147 821 125 48 32 19 9 5 5
rs1736148 822 125 48 32 19 9 5 5
rs2823286 823 125 48 32 19 9 5 5
rs1297269 824 125 48 32 19 9 5 5
rs6517432 825 125 48 32 19 9 5 5
rs2823288 826 125 48 32 19 9 5 5
rs13052146 827 125 48 32 19 9 5 5
rs2091997 828 125 48 32 19 9 5 5
rs9978136 829 125 48 32 19 9 5 5
rs1736161 830 125 48 32 19 9 5 5
rs1736039 831 125 48 32 19 9 5 5
rs2823289 832 125 48 32 19 9 5 5
rs2243317 833 126 49 32 19 9 5 5
rs2823291 834 127 50 33 20 9 5 5
rs2823292 835 127 50 33 20 9 5 5
rs2823293 836 127 50 33 20 9 5 5
rs2823295 837 127 50 33 20 9 5 5
rs2823298 838 128 50 33 20 9 5 5
rs2823301 839 128 50 33 20 9 5 5
rs2823302 840 128 50 33 20 9 5 5
rs2823304 841 128 50 33 20 9 5 5
rs2823305 842 128 50 33 20 9 5 5
rs2823307 843 128 50 33 20 9 5 5
rs2823308 844 128 50 33 20 9 5 5
rs2741972 845 129 51 33 20 9 5 5
rs2776049 846 130 51 33 20 9 5 5
rs7279167 847 131 52 34 20 9 5 5
rs10854384 848 131 52 34 20 9 5 5
rs6517467 849 131 52 34 20 9 5 5
rs9984697 850 131 52 34 20 9 5 5
rs7279999 851 131 52 34 20 9 5 5
rs8127279 852 131 52 34 20 9 5 5
rs2823320 853 131 52 34 20 9 5 5
rs2823321 854 131 52 34 20 9 5 5
rs2823322 855 131 52 34 20 9 5 5
rs4816600 856 132 52 34 20 9 5 5
rs2823326 857 132 52 34 20 9 5 5
rs2823328 858 132 52 34 20 9 5 5
rs2242838 859 132 52 34 20 9 5 5
rs2823330 860 132 52 34 20 9 5 5
rs10854386 861 132 52 34 20 9 5 5
rs2823333 862 132 52 34 20 9 5 5
rs2823335 863 132 52 34 20 9 5 5
rs992557 864 132 52 34 20 9 5 5
rs2823337 865 132 52 34 20 9 5 5
rs2823341 866 132 52 34 20 9 5 5
rs2823343 867 132 52 34 20 9 5 5
rs11700488 868 132 52 34 20 9 5 5
rs2823344 869 132 52 34 20 9 5 5
rs2823345 870 132 52 34 20 9 5 5
rs2823348 871 132 52 34 20 9 5 5
rs2823349 872 132 52 34 20 9 5 5
rs2823351 873 132 52 34 20 9 5 5
rs2823352 874 132 52 34 20 9 5 5
rs7276214 875 132 52 34 20 9 5 5
rs1980956 876 132 52 34 20 9 5 5
rs2823354 877 132 52 34 20 9 5 5
rs2823355 878 132 52 34 20 9 5 5
rs2823357 879 132 52 34 20 9 5 5
rs11088441 880 133 52 34 20 9 5 5
rs6517480 881 133 52 34 20 9 5 5
rs2179030 882 133 52 34 20 9 5 5
rs11912014 883 133 52 34 20 9 5 5
rs9974040 884 133 52 34 20 9 5 5
rs11911998 885 133 52 34 20 9 5 5
rs7409832 886 133 52 34 20 9 5 5
rs7409899 887 133 52 34 20 9 5 5
rs4817965 888 133 52 34 20 9 5 5
rs11088442 889 133 52 34 20 9 5 5
rs7282382 890 133 52 34 20 9 5 5
rs11088444 891 133 52 34 20 9 5 5
rs11088445 892 133 52 34 20 9 5 5
rs12151954 893 133 52 34 20 9 5 5
rs2823359 894 133 52 34 20 9 5 5
rs2823360 895 133 52 34 20 9 5 5
rs2823361 896 133 52 34 20 9 5 5
rs7279770 897 133 52 34 20 9 5 5
rs1556287 898 133 52 34 20 9 5 5
rs2823362 899 133 52 34 20 9 5 5
rs7275481 900 133 52 34 20 9 5 5
rs2823363 901 133 52 34 20 9 5 5
rs9976620 902 133 52 34 20 9 5 5
rs2823364 903 134 53 34 20 9 5 5
rs2823365 904 135 53 34 20 9 5 5
rs17209432 905 135 53 34 20 9 5 5
rs2823368 906 135 53 34 20 9 5 5
rs2823369 907 135 53 34 20 9 5 5
rs2823374 908 135 53 34 20 9 5 5
rs4817969 909 135 53 34 20 9 5 5
rs4817971 910 135 53 34 20 9 5 5
rs11701475 911 135 53 34 20 9 5 5
rs8134968 912 136 53 34 20 9 5 5
rs2242845 913 136 53 34 20 9 5 5
rs2142485 914 136 53 34 20 9 5 5
rs2064049 915 136 53 34 20 9 5 5
rs2064050 916 136 53 34 20 9 5 5
rs2064051 917 136 53 34 20 9 5 5
rs2065236 918 136 53 34 20 9 5 5
rs2065237 919 136 53 34 20 9 5 5
rs2896711 920 136 53 34 20 9 5 5
rs6517496 921 136 53 34 20 9 5 5
rs6517497 922 136 53 34 20 9 5 5
rs2823379 923 136 53 34 20 9 5 5
rs7279355 924 136 53 34 20 9 5 5
rs2823380 925 136 53 34 20 9 5 5
rs6517500 926 136 53 34 20 9 5 5
rs2823381 927 136 53 34 20 9 5 5
rs2823382 928 136 53 34 20 9 5 5
rs9982331 929 136 53 34 20 9 5 5
rs7277301 930 136 53 34 20 9 5 5
rs7277620 931 136 53 34 20 9 5 5
rs8127304 932 137 54 35 21 10 5 5
rs13052214 933 137 54 35 21 10 5 5
rs12481771 934 137 54 35 21 10 5 5
rs11088469 935 138 54 35 21 10 5 5
rs2823383 936 139 55 35 21 10 5 5
rs2205579 937 139 55 35 21 10 5 5
rs1041405 938 139 55 35 21 10 5 5
rs2205581 939 139 55 35 21 10 5 5
rs8129450 940 139 55 35 21 10 5 5
rs2823387 941 139 55 35 21 10 5 5
rs2823392 942 139 55 35 21 10 5 5
rs4371423 943 140 55 35 21 10 5 5
rs2823395 944 140 55 35 21 10 5 5
rs2823396 945 140 55 35 21 10 5 5
rs2823398 946 140 55 35 21 10 5 5
rs2179027 947 140 55 35 21 10 5 5
rs2223175 948 140 55 35 21 10 5 5
rs2142486 949 140 55 35 21 10 5 5
rs2142487 950 140 55 35 21 10 5 5
rs2823399 951 140 55 35 21 10 5 5
rs2823400 952 141 55 35 21 10 5 5
rs2823403 953 141 55 35 21 10 5 5
rs2823404 954 141 55 35 21 10 5 5
rs1016710 955 141 55 35 21 10 5 5
rs2150375 956 141 55 35 21 10 5 5
rs2823406 957 141 55 35 21 10 5 5
rs11702656 958 141 55 35 21 10 5 5
rs2206671 959 141 55 35 21 10 5 5
rs2205582 960 141 55 35 21 10 5 5
rs2242862 961 142 56 36 22 10 5 5
rs726634 962 143 56 36 22 10 5 5
rs2242866 963 143 56 36 22 10 5 5
rs1016008 964 143 56 36 22 10 5 5
rs1016009 965 143 56 36 22 10 5 5
rs2823428 966 143 56 36 22 10 5 5
rs2823434 967 143 56 36 22 10 5 5
rs2823438 968 144 56 36 22 10 5 5
rs979155 969 144 56 36 22 10 5 5
rs761231 970 144 56 36 22 10 5 5
rs2823449 971 144 56 36 22 10 5 5
rs2823451 972 144 56 36 22 10 5 5
rs2823481 973 145 57 36 22 10 5 5
rs2823482 974 145 57 36 22 10 5 5
rs2242677 975 145 57 36 22 10 5 5
rs370081 976 146 58 37 23 11 5 5
rs11088557 977 147 59 38 23 11 5 5
rs11088558 978 147 59 38 23 11 5 5
rs407921 979 147 59 38 23 11 5 5
rs373182 980 148 59 38 23 11 5 5
rs2823522 981 148 59 38 23 11 5 5
rs9982075 982 148 59 38 23 11 5 5
rs7283161 983 148 59 38 23 11 5 5
rs13373325 984 148 59 38 23 11 5 5
rs366592 985 149 59 38 23 11 5 5
rs433085 986 149 59 38 23 11 5 5
rs444390 987 149 59 38 23 11 5 5
rs416719 988 149 59 38 23 11 5 5
rs435947 989 149 59 38 23 11 5 5
rs425252 990 149 59 38 23 11 5 5
rs2823524 991 149 59 38 23 11 5 5
rs1474889 992 150 59 38 23 11 5 5
rs2823526 993 150 59 38 23 11 5 5
rs2823528 994 150 59 38 23 11 5 5
rs375736 995 150 59 38 23 11 5 5
rs2823533 996 151 59 38 23 11 5 5
rs412399 997 151 59 38 23 11 5 5
rs2205453 998 151 59 38 23 11 5 5
rs419827 999 151 59 38 23 11 5 5
rs419867 1000 151 59 38 23 11 5 5
