CHR Group SNP.lead BP.lead Size W BP.min BP.max BP.width
21 4 rs9680467 14122951 2 0.4537623591440608 14110273 14136579 26306
22 76 rs5992985 16920188 11 0.43667419466262075 16916865 16929688 12823
22 7 rs131532 15244947 3 0.3922490530823576 15226194 15245994 19800
22 24 rs4819945 15888926 9 0.3907093274700591 15869101 15945909 76808
21 17 rs2822652 14686083 7 0.36123510598899033 14650445 14735869 85424
22 21 rs2385786 15811400 14 0.3531355867157228 15788149 15863854 75705
22 16 rs2041698 15669551 10 0.3343873650176597 15649948 15687150 37202
22 79 rs361534 17003269 2 0.3184751193663787 17003269 17008532 5263
21 54 rs1041405 15908508 6 0.29869465470715645 15899439 15932650 33211
22 9 rs4239845 15327532 3 0.2787491016356811 15290552 15363844 73292
21 33 rs2822964 15151796 6 0.27228499522183286 15146679 15177499 30820
21 26 rs2822839 14994730 8 0.26533621602491564 14986008 15033401 47393
22 19 rs9606527 15762199 10 0.2211096102725714 15762199 15786770 24571
21 58 rs373182 16242346 13 0.19348727253030262 16236064 16285299 49235
22 69 rs13058527 16787483 9 0.18969804560596135 16756240 16821044 64804
21 24 rs461853 14894694 2 0.17035853139491716 14884202 14936692 52490
21 16 rs887772 14607323 6 0.1693114708251536 14594247 14647873 53626
21 47 rs2823286 15739809 6 0.16921662824328484 15703007 15763066 60059
21 46 rs9981974 15681834 9 0.12721083943337683 15631897 15694853 62956
21 13 rs1006837 14511805 2 0.09328379738683784 14510084 14511805 1721
22 58 rs4488761 16584167 6 0.0888756849586893 16485985 16589163 103178
21 34 rs2739526 15220728 2 0.08522858422162762 15181091 15237709 56618
22 68 rs2016042 16712910 7 0.08195756456142811 16712910 16752556 39646
21 20 rs116136 14786994 6 0.06038689638196318 14786994 14792509 5515
21 21 rs2822718 14814670 15 0.05629524063321491 14806820 14849708 42888
21 15 rs1014539 14581602 2 -0.054642276761836105 14579582 14590255 10673
21 23 rs2822784 14875974 4 0.049539727780240225 14875974 14879348 3374
22 49 rs5992687 16273667 3 0.04523787656639923 16268404 16285506 17102
22 85 rs2238739 17422967 9 0.03215107169044604 17363106 17498929 135823
21 14 rs926880 14539315 3 0.030039681234122807 14517066 14577923 60857
21 6 rs2822232 14200678 2 0.02869455589674929 14193356 14201141 7785
21 7 rs2822319 14250204 3 -0.02490491752034632 14210512 14261969 51457
22 57 rs9605348 16478415 3 -0.02359593435278147 16435891 16479173 43282
22 88 rs2000338 17530216 5 0.023097028149532295 17529076 17650505 121429
22 51 rs13053651 16336079 4 -0.022878628535558804 16323027 16355599 32572
22 12 rs5993646 15481884 5 -0.01938897154740944 15468501 15539327 70826
22 44 rs13058398 16199986 1 -0.017888189896506906 16197815 16202626 4811
22 6 rs8137605 15064595 1 0.016955848189767433 15064595 15064595 0
22 59 rs181396 16598709 1 0.01470494553397152 16595721 16611990 16269
21 41 rs1811811 15435367 4 0.012532552157649098 15435118 15479497 44379
22 65 rs389347 16669251 1 0.009284929512650138 16661226 16670129 8903
22 29 rs1135909 16035110 2 -0.009176903991482091 16015633 16037671 22038
22 28 rs5747008 15997962 1 -0.009098989163457695 15989767 16010412 20645
22 83 rs2540627 17329183 1 0.008805418215140904 17310163 17340555 30392
22 48 rs737916 16254624 3 -0.007870778261154098 16240752 16267172 26420
22 10 rs5747620 15407252 1 0.00705837219801862 15407252 15442058 34806
22 27 rs738033 15974398 2 0.0070078577086956605 15962234 15984379 22145
21 25 rs462074 14974525 3 -0.006746159511818216 14950777 14982463 31686
22 15 rs9606442 15616013 4 -0.006059444787228072 15609051 15648282 39231
21 28 rs2403806 15058052 1 0.0054271816742039874 15057767 15058052 285
21 38 rs2244105 15375227 2 -0.004494284936601336 15373716 15375227 1511
22 70 rs116167 16844584 3 0.0043658546251776 16829676 16861068 31392
22 47 rs9604737 16235188 5 0.004037564506175663 16235188 16236822 1634
21 12 rs2155963 14454106 3 -0.0036846351543273416 14453714 14506159 52445
21 50 rs2741972 15791807 1 -0.0032280256580409844 15791807 15792309 502
21 9 rs1297094 14302389 3 0.0032077970619027365 14297378 14308353 10975
22 78 rs464901 16972056 1 -0.002792580099817429 16971003 16985777 14774
22 1 rs9617528 14441016 1 -0.0025800364796898278 14439734 14449374 9640
22 46 rs5749060 16220725 2 -0.002537863424139893 16206367 16220725 14358
22 80 rs2075299 17027973 1 0.0023806164493318646 17025236 17027973 2737
22 75 rs11705515 16916051 2 -0.0021229326245490966 16916051 16916051 0
21 2 rs2260407 14057714 2 0.0020612706408657273 14051249 14075395 24146
22 13 rs2845372 15552886 1 0.0019806471144974366 15544076 15553140 9064
22 41 rs4819994 16156109 1 -0.0018638347717715193 16155589 16166118 10529
21 27 rs1882873 15052633 2 -0.001619609773003982 15043293 15056074 12781
22 38 rs12483926 16101679 3 -0.0015631871161774253 16100318 16102202 1884
21 22 rs11909106 14852044 1 -0.0015492092273281812 14851553 14870860 19307
21 48 rs2243317 15763831 1 0.0014556686261778802 15763831 15763831 0
21 29 rs2822914 15060933 1 0.001453546770509889 15059093 15061195 2102
21 51 rs11700488 15831778 2 -0.00106941274856189 15795920 15844836 48916
21 0 rs7282547 14009151 1 0.001052874188914129 14009151 14009151 0
22 23 rs5746962 15868074 1 -0.0010120841028661135 15868074 15868346 272
21 52 rs2065237 15861533 2 9.930832830264008e-4 15845475 15865582 20107
21 32 rs926130 15136788 1 -9.654989781699931e-4 15136788 15136788 0
22 66 rs424931 16688066 2 7.886676182148433e-4 16670995 16698855 27860
21 36 rs2823008 15309774 2 7.485258657466594e-4 15262160 15357094 94934
22 82 rs2238733 17291310 3 -6.546253995222714e-4 17282971 17299510 16539
22 17 rs165726 15688426 1 6.301002259596238e-4 15687842 15720938 33096
21 3 rs743068 14091856 1 5.534973544527757e-4 14087640 14103189 15549
22 32 rs17807317 16055073 1 4.862266052905469e-4 16052253 16067061 14808
22 53 rs174314 16376659 1 4.514357354338345e-4 16366685 16396314 29629
22 37 rs1860086 16099490 1 4.2522349421924264e-4 16098603 16099490 887
22 72 rs8139236 16887050 1 4.212870519831196e-4 16870024 16893205 23181
22 62 rs5992838 16639385 1 -4.0816989934974355e-4 16636141 16639385 3244
21 11 rs1115649 14413644 1 -3.931859202808096e-4 14376474 14447961 71487
21 49 rs2823293 15768844 1 3.8520889304272457e-4 15766492 15789478 22986
22 39 rs17807605 16112654 1 3.8353667257507313e-4 16110964 16112654 1690
21 10 rs2822371 14312716 1 -3.5732241054455834e-4 14312716 14367339 54623
21 53 rs13052214 15880122 1 2.6612211647158415e-4 15878737 15886208 7471
22 77 rs464541 16937442 1 2.124280133163904e-4 16935124 16964396 29272
22 86 rs4819779 17512996 4 1.5308370978502626e-4 17506879 17513922 7043
22 31 rs5992638 16050656 1 -1.4947505673310757e-4 16048671 16050656 1985
22 67 rs2587115 16705672 1 -1.0439990144420804e-4 16702144 16708456 6312
22 84 rs2540651 17346885 1 6.310732180164321e-5 17341458 17360280 18822
22 33 rs5748952 16072335 1 -6.241349322577392e-5 16072335 16084489 12154
