CHR SNP X BP A1 A2 Locus Sign Scale
21 rs9680467 0 14122951 0 0 1 -1 1.805
21 rs2822232 0 14200678 0 0 1 -1 0.408
21 rs1006837 0 14511805 0 0 2 1 0.337
21 rs2822556 0 14590255 0 0 2 1 0.12
21 rs887772 0 14607323 0 0 3 -1 1.167
21 rs2822652 0 14686083 0 0 3 -1 1.807
21 rs2822723 0 14817556 0 0 4 -1 1.223
21 rs461853 0 14894694 0 0 4 -1 0.92
21 rs2822839 0 14994730 0 0 5 1 1.26
21 rs2822919 0 15063594 0 0 5 1 0.117
21 rs2223163 0 15149849 0 0 6 -1 1.558
21 rs2739526 0 15220728 0 0 6 -1 0.407
21 rs1811811 0 15435367 0 0 7 -1 0.169
21 rs2823158 0 15513415 0 0 7 -1 0.255
21 rs1985220 0 15665743 0 0 8 1 0.769
21 rs2823288 0 15742759 0 0 8 1 0.903
21 rs2823351 0 15833637 0 0 9 1 0.121
21 rs2205581 0 15912544 0 0 9 1 1.509
21 rs373182 0 16242346 0 0 10 1 1.202
21 rs419867 0 16285299 0 0 10 1 0.563
22 rs131532 0 15244947 0 0 11 -1 1.6
22 rs4239845 0 15327532 0 0 11 -1 1.308
22 rs9306239 0 15670257 0 0 12 -1 1.553
22 rs9606527 0 15762199 0 0 12 -1 0.991
22 rs2385786 0 15811400 0 0 13 1 1.749
22 rs4819945 0 15888926 0 0 13 1 1.775
22 rs3764846 0 16037471 0 0 14 1 0.477
22 rs17807605 0 16112654 0 0 14 1 0.459
22 rs5992687 0 16273667 0 0 15 -1 0.648
22 rs1296748 0 16351578 0 0 15 -1 0.257
22 rs2024229 0 16507366 0 0 16 1 0.164
22 rs4488761 0 16584167 0 0 16 1 0.724
22 rs2016042 0 16712910 0 0 17 -1 1.029
22 rs13058527 0 16787483 0 0 17 -1 0.772
22 rs5992985 0 16920188 0 0 18 -1 1.892
22 rs361534 0 17003269 0 0 18 -1 1.749
22 rs2238736 0 17421289 0 0 19 -1 0.195
22 rs16983371 0 17498506 0 0 19 -1 0.189
22 rs5746685 0 17567150 0 0 20 1 0.415
22 rs5748099 0 17643427 0 0 20 1 0.489
