FID	IID	sex	y
1000	1000	2	3.906
1001	1001	1	1.991
1002	1002	1	-0.352
1003	1003	1	2.973
1004	1004	1	-0.41
1005	1005	2	-0.472
1006	1006	2	1.672
1007	1007	1	2.453
1008	1008	1	0.439
1009	1009	1	-0.043
1010	1010	2	5.549
1011	1011	1	-0.742
1012	1012	1	-1.355
1013	1013	2	-0.727
1014	1014	2	0.377
1015	1015	2	0.22
1016	1016	1	0.052
1017	1017	1	-2.061
1018	1018	2	-0.023
1019	1019	2	-0.011
1020	1020	1	-0.123
1021	1021	2	-0.183
1022	1022	2	-0.946
1023	1023	2	-3.435
1024	1024	2	1.516
1025	1025	1	-1.637
1026	1026	2	-1.96
1027	1027	1	-0.302
1028	1028	2	-1.063
1029	1029	2	-1.401
1030	1030	1	-0.682
1031	1031	1	-0.093
1032	1032	1	1.427
1033	1033	2	-2.316
1034	1034	2	-0.128
1035	1035	1	3.223
1036	1036	2	-0.274
1037	1037	2	2.186
1038	1038	2	-2.031
1039	1039	1	-0.162
1040	1040	1	2.341
1041	1041	2	0.221
1042	1042	2	-0.606
1043	1043	1	-0.904
1044	1044	1	-1.172
1045	1045	1	0.131
1046	1046	2	2.906
1047	1047	1	-0.809
1048	1048	1	1.449
1049	1049	1	0.37
1050	1050	2	0.281
1051	1051	2	0.767
1052	1052	2	-1.108
1053	1053	1	0.201
1054	1054	1	-0.599
1055	1055	1	-0.852
1056	1056	1	1.582
1057	1057	2	-2.492
1058	1058	1	-0.559
1059	1059	1	1.356
1060	1060	2	2.091
1061	1061	2	-2.164
1062	1062	2	-2.547
1063	1063	1	-2.919
1064	1064	2	0.217
1065	1065	1	-0.205
1066	1066	1	1.147
1067	1067	2	0.599
1068	1068	1	0.25
1069	1069	2	-3.086
1070	1070	2	2.091
1071	1071	2	-0.618
1072	1072	2	-2.185
1073	1073	2	-1.919
1074	1074	1	2.008
1075	1075	2	0.395
1076	1076	1	1.31
1077	1077	1	1.918
1078	1078	2	-4.382
1079	1079	2	0.143
1080	1080	1	-0.83
1081	1081	2	-4.431
1082	1082	1	-3.452
1083	1083	1	-0.504
1084	1084	1	-1.529
1085	1085	2	-1.178
1086	1086	1	-0.544
1087	1087	2	-1.95
1088	1088	2	-0.599
1089	1089	2	0.488
1090	1090	2	0.412
1091	1091	1	-1.938
1092	1092	2	-1.717
1093	1093	1	-0.322
1094	1094	1	1.221
1095	1095	1	-0.921
1096	1096	2	-0.378
1097	1097	2	-1.261
1098	1098	2	-1.968
1099	1099	1	-1.783
1100	1100	1	3.472
1101	1101	2	2.113
1102	1102	1	-1.612
1103	1103	2	2.91
1104	1104	1	-1.538
1105	1105	1	0.399
1106	1106	1	-0.752
1107	1107	1	0.736
1108	1108	1	0.731
1109	1109	1	-2.588
1110	1110	2	-1.463
1111	1111	2	4.418
1112	1112	1	3.324
1113	1113	1	0.366
1114	1114	2	1.09
1115	1115	2	2.501
1116	1116	1	-0.162
1117	1117	2	-0.25
1118	1118	1	-1.186
1119	1119	1	-0.571
1120	1120	2	-1.656
1121	1121	2	0.787
1122	1122	2	-0.224
1123	1123	1	3.543
1124	1124	2	0.266
1125	1125	2	1.401
1126	1126	1	-0.868
1127	1127	2	0.761
1128	1128	2	-1.055
1129	1129	1	1.614
1130	1130	2	0.341
1131	1131	2	-0.316
1132	1132	2	0.295
1133	1133	2	-2.099
1134	1134	2	-6.247
1135	1135	1	-2.197
1136	1136	2	-1.83
1137	1137	1	0.833
1138	1138	1	-1.681
1139	1139	1	1.876
1140	1140	2	-1.733
1141	1141	1	-0.518
1142	1142	1	0.096
1143	1143	1	-0.359
1144	1144	2	1.025
1145	1145	2	-0.934
1146	1146	2	-0.34
1147	1147	1	-1.32
1148	1148	1	1.219
1149	1149	2	-3.609
1150	1150	1	0.721
1151	1151	1	0.271
1152	1152	1	-0.17
1153	1153	2	-0.357
1154	1154	1	2.723
1155	1155	2	-1.898
1156	1156	1	1.66
1157	1157	2	-1.501
1158	1158	2	-2.944
1159	1159	1	0.919
1160	1160	1	0.614
1161	1161	2	-1.531
1162	1162	2	-2.889
1163	1163	2	-0.083
1164	1164	2	1.223
1165	1165	2	-0.475
1166	1166	2	0.563
1167	1167	1	1.385
1168	1168	2	-0.208
1169	1169	1	2.939
1170	1170	2	0.751
1171	1171	1	4.376
1172	1172	2	-2.861
1173	1173	1	-0.637
1174	1174	1	0.303
1175	1175	2	-3.741
1176	1176	2	3.889
1177	1177	1	-0.189
1178	1178	1	0.811
1179	1179	1	0.799
1180	1180	2	-1.015
1181	1181	1	-2.219
1182	1182	1	-1.607
1183	1183	1	2.11
1184	1184	1	0.185
1185	1185	2	1.266
1186	1186	1	1.277
1187	1187	2	-2.096
1188	1188	2	0.721
1189	1189	1	-2.982
1190	1190	1	3.188
1191	1191	2	-2.709
1192	1192	1	2.373
1193	1193	1	-1.974
1194	1194	1	1.151
1195	1195	2	-2.752
1196	1196	1	0.943
1197	1197	2	-0.548
1198	1198	2	-1.967
1199	1199	2	-1.903
1200	1200	2	1.8
1201	1201	1	0.96
1202	1202	2	-0.675
1203	1203	1	-2.633
1204	1204	2	0.246
1205	1205	2	0.848
1206	1206	1	0.428
1207	1207	2	1.873
1208	1208	1	-4.106
1209	1209	2	-1.912
1210	1210	2	-1.095
1211	1211	1	-0.26
1212	1212	2	-0.929
1213	1213	1	-3.039
1214	1214	2	-1.629
1215	1215	1	4.739
1216	1216	2	2.301
1217	1217	2	0.581
1218	1218	1	-3.116
1219	1219	1	-2.078
1220	1220	2	-3.394
1221	1221	1	4.321
1222	1222	1	-0.319
1223	1223	1	1.096
1224	1224	1	-4.926
1225	1225	2	-1.039
1226	1226	1	2.224
1227	1227	1	2.148
1228	1228	2	-4.324
1229	1229	1	0.621
1230	1230	2	-1.596
1231	1231	2	-2.639
1232	1232	1	-0.755
1233	1233	1	0.873
1234	1234	2	-3.239
1235	1235	1	2.328
1236	1236	1	-0.096
1237	1237	2	1.736
1238	1238	2	-1.795
1239	1239	1	1.189
1240	1240	2	0.705
1241	1241	2	-2.197
1242	1242	1	7.037
1243	1243	2	-2.255
1244	1244	2	0.936
1245	1245	2	-3.903
1246	1246	2	1.426
1247	1247	2	-0.891
1248	1248	2	0.314
1249	1249	2	1.422
1250	1250	1	-0.195
1251	1251	1	-1.918
1252	1252	2	-0.734
1253	1253	1	2.093
1254	1254	1	4.053
1255	1255	1	-0.255
1256	1256	2	-3.261
1257	1257	1	-2.234
1258	1258	2	-2.864
1259	1259	2	-1.72
1260	1260	1	-0.576
1261	1261	2	-1.125
1262	1262	1	-5.361
1263	1263	2	-1.022
1264	1264	1	-0.456
1265	1265	2	-3.871
1266	1266	1	-2.256
1267	1267	1	-0.768
1268	1268	1	-1.549
1269	1269	1	0.745
1270	1270	1	-0.023
1271	1271	1	-2.19
1272	1272	2	0.354
1273	1273	2	-1.738
1274	1274	2	1.204
1275	1275	1	-2.668
1276	1276	1	-2.596
1277	1277	1	2.959
1278	1278	2	4.372
1279	1279	1	-2.983
1280	1280	1	-1.064
1281	1281	2	0.483
1282	1282	1	1.01
1283	1283	1	-0.219
1284	1284	1	1.608
1285	1285	1	0.163
1286	1286	1	1.592
1287	1287	2	-2.826
1288	1288	1	-2.954
1289	1289	2	-2.526
1290	1290	2	-1.98
1291	1291	2	-0.933
1292	1292	2	0.376
1293	1293	2	4.2
1294	1294	1	0.206
1295	1295	1	-0.827
1296	1296	2	-0.985
1297	1297	1	-4.36
1298	1298	1	-1.929
1299	1299	2	-3.738
1300	1300	2	-0.568
1301	1301	2	-2.479
1302	1302	2	2.277
1303	1303	2	0.06
1304	1304	1	-0.512
1305	1305	1	-0.398
1306	1306	2	-0.423
1307	1307	2	1.072
1308	1308	1	0.889
1309	1309	1	-1.76
1310	1310	2	2.755
1311	1311	2	-4.375
1312	1312	1	0.307
1313	1313	1	-2.632
1314	1314	1	-2.092
1315	1315	2	-2.519
1316	1316	2	-2.82
1317	1317	1	1.083
1318	1318	2	-0.927
1319	1319	2	1.581
1320	1320	2	2.201
1321	1321	1	2.964
1322	1322	1	-2.32
1323	1323	1	0.015
1324	1324	2	-2.139
1325	1325	1	-0.537
1326	1326	1	-0.259
1327	1327	1	-1.039
1328	1328	2	-1.979
1329	1329	1	-1.203
1330	1330	2	0.953
1331	1331	2	-0.726
1332	1332	1	-2.332
1333	1333	1	-0.51
1334	1334	2	0.181
1335	1335	2	-0.712
1336	1336	2	0.421
1337	1337	1	2.632
1338	1338	2	-1.836
1339	1339	2	0.454
1340	1340	2	-2.692
1341	1341	1	-0.251
1342	1342	1	2.311
1343	1343	1	-1.086
1344	1344	1	3.665
1345	1345	1	-0.902
1346	1346	2	1.106
1347	1347	2	-2.853
1348	1348	1	1.604
1349	1349	1	-0.43
1350	1350	2	-2.222
1351	1351	2	-0.215
1352	1352	2	0.424
1353	1353	2	3.49
1354	1354	2	-2.769
1355	1355	1	-0.715
1356	1356	1	1.028
1357	1357	2	-2.057
1358	1358	2	-0.889
1359	1359	2	1.163
1360	1360	1	-0.554
1361	1361	1	2.094
1362	1362	2	1.207
1363	1363	2	-0.541
1364	1364	1	-3.637
1365	1365	1	0.659
1366	1366	2	1.813
1367	1367	2	-1.17
1368	1368	1	-0.704
1369	1369	2	0.787
1370	1370	2	-2.098
1371	1371	1	6.063
1372	1372	1	2.831
1373	1373	1	-2.593
1374	1374	1	1.234
1375	1375	2	-1.451
1376	1376	2	0.783
1377	1377	1	-0.898
1378	1378	2	0.448
1379	1379	2	0.191
1380	1380	2	-1.379
1381	1381	2	2.531
1382	1382	2	-0.225
1383	1383	1	-0.581
1384	1384	1	-1.441
1385	1385	2	-1.63
1386	1386	1	4.294
1387	1387	1	-2.552
1388	1388	1	0.498
1389	1389	2	1.429
1390	1390	1	2.156
1391	1391	2	-2.517
1392	1392	2	0.037
1393	1393	2	-0.183
1394	1394	2	1.251
1395	1395	1	0.885
1396	1396	1	-1.275
1397	1397	1	2.292
1398	1398	2	-2.775
1399	1399	1	0.302
1400	1400	1	-3.74
1401	1401	1	4.432
1402	1402	2	-1.409
1403	1403	1	-1.186
1404	1404	2	-1.897
1405	1405	2	0.288
1406	1406	2	2.338
1407	1407	2	-0.567
1408	1408	1	-1.476
1409	1409	2	1.433
1410	1410	1	0.006
1411	1411	1	1.25
1412	1412	1	1.444
1413	1413	2	-0.488
1414	1414	2	-0.015
1415	1415	2	-2.717
1416	1416	1	-0.397
1417	1417	2	-1.609
1418	1418	1	-4.225
1419	1419	1	-0.027
1420	1420	1	0.791
1421	1421	1	2.927
1422	1422	1	1.95
1423	1423	2	-3.026
1424	1424	1	-1.012
1425	1425	2	1.316
1426	1426	2	0.935
1427	1427	2	1
1428	1428	2	-3.581
1429	1429	1	0.152
1430	1430	2	-2.369
1431	1431	2	2.111
1432	1432	2	-0.883
1433	1433	2	-1.044
1434	1434	1	1.279
1435	1435	1	0.704
1436	1436	2	-1.303
1437	1437	1	-0.016
1438	1438	1	1.174
1439	1439	1	1.361
1440	1440	2	-2.606
1441	1441	1	-0.747
1442	1442	2	-1.205
1443	1443	1	4.524
1444	1444	1	2.212
1445	1445	1	-1.217
1446	1446	1	-2.451
1447	1447	2	1.41
1448	1448	2	-1.33
1449	1449	1	0.536
1450	1450	1	-1.199
1451	1451	2	-0.897
1452	1452	1	4.218
1453	1453	1	1.421
1454	1454	1	2.404
1455	1455	2	0.272
1456	1456	2	2.48
1457	1457	1	-1.631
1458	1458	1	0.115
1459	1459	1	2.568
1460	1460	2	-0.483
1461	1461	1	-2.234
1462	1462	1	0.899
1463	1463	1	-2.857
1464	1464	2	2.058
1465	1465	1	-3.617
1466	1466	1	0.299
1467	1467	2	-3.44
1468	1468	1	0.124
1469	1469	1	-3.336
1470	1470	2	2.023
1471	1471	2	-3.468
1472	1472	1	-1.973
1473	1473	1	1.651
1474	1474	1	1.897
1475	1475	1	0.63
1476	1476	2	3.606
1477	1477	2	-1.007
1478	1478	2	-1.307
1479	1479	1	0.923
1480	1480	2	-0.132
1481	1481	1	0.56
1482	1482	1	-1.678
1483	1483	2	-3.271
1484	1484	2	0.823
1485	1485	1	-1.82
1486	1486	1	-1.218
1487	1487	1	1.716
1488	1488	1	2.485
1489	1489	1	2.603
1490	1490	1	-0.682
1491	1491	2	2.027
1492	1492	2	-2.272
1493	1493	1	4.118
1494	1494	1	-0.691
1495	1495	1	-0.228
1496	1496	2	-1.777
1497	1497	1	-0.688
1498	1498	1	1.835
1499	1499	1	4.334
1500	1500	2	-1.574
1501	1501	1	3.86
1502	1502	2	-0.719
1503	1503	2	0.602
1504	1504	2	0.991
1505	1505	2	-0.149
1506	1506	2	-2.376
1507	1507	1	3.473
1508	1508	1	-2.729
1509	1509	2	-0.825
1510	1510	2	3.279
1511	1511	2	2.376
1512	1512	1	-0.458
1513	1513	2	1.309
1514	1514	1	-1.149
1515	1515	1	1.216
1516	1516	2	2.381
1517	1517	1	4.187
1518	1518	2	-2.437
1519	1519	2	0.266
1520	1520	1	-2.309
1521	1521	1	0.688
1522	1522	1	-2.138
1523	1523	1	5.313
1524	1524	2	1.206
1525	1525	2	-4.578
1526	1526	2	-1.806
1527	1527	2	2.253
1528	1528	1	0.861
1529	1529	2	-1.471
1530	1530	1	-1.188
1531	1531	1	0.096
1532	1532	1	2.037
1533	1533	2	-0.655
1534	1534	1	-1.475
1535	1535	1	2.512
1536	1536	1	1.805
1537	1537	1	-0.939
1538	1538	2	-3.995
1539	1539	1	3.453
1540	1540	2	0.466
1541	1541	2	2.21
1542	1542	1	-2.537
1543	1543	2	-0.416
1544	1544	2	3.155
1545	1545	2	0.34
1546	1546	1	0.953
1547	1547	1	1.69
1548	1548	2	-0.954
1549	1549	1	0.479
1550	1550	2	1.961
1551	1551	1	1.199
1552	1552	1	3.225
1553	1553	2	-1.253
1554	1554	2	1.251
1555	1555	1	0.646
1556	1556	2	2.64
1557	1557	2	-1.528
1558	1558	2	-0.764
1559	1559	1	2.861
1560	1560	2	-0.302
1561	1561	1	0.413
1562	1562	2	0.552
1563	1563	1	3.5
1564	1564	2	0.817
1565	1565	1	1.572
1566	1566	2	-2.022
1567	1567	1	-1.117
1568	1568	1	0.744
1569	1569	2	0.001
1570	1570	1	-2.016
1571	1571	1	0.613
1572	1572	1	2.017
1573	1573	2	-4.779
1574	1574	1	0.852
1575	1575	1	2.05
1576	1576	2	-4.51
1577	1577	1	4.45
1578	1578	1	-0.252
1579	1579	2	1.215
1580	1580	2	1.205
1581	1581	2	-0.021
1582	1582	2	3.012
1583	1583	1	1.461
1584	1584	2	-1.672
1585	1585	2	-0.641
1586	1586	2	1.683
1587	1587	1	1.413
1588	1588	2	0.757
1589	1589	1	4.233
1590	1590	2	2.332
1591	1591	2	1.525
1592	1592	1	-2.733
1593	1593	2	-3.689
1594	1594	2	0.608
1595	1595	1	1.471
1596	1596	1	0.319
1597	1597	1	1.182
1598	1598	2	2.444
1599	1599	2	1.513
1600	1600	2	1.953
1601	1601	1	-1.21
1602	1602	2	-4.672
1603	1603	1	0.128
1604	1604	2	0.066
1605	1605	2	0.233
1606	1606	2	-4.596
1607	1607	1	0.763
1608	1608	2	-2.959
1609	1609	2	-0.385
1610	1610	2	-5.326
1611	1611	1	-2.649
1612	1612	2	-0.477
1613	1613	2	-0.105
1614	1614	1	-1.371
1615	1615	2	-1.883
1616	1616	1	-1.28
1617	1617	2	2.038
1618	1618	2	0.116
1619	1619	1	1.764
1620	1620	2	-2.086
1621	1621	1	-1.112
1622	1622	1	1.085
1623	1623	2	1.621
1624	1624	1	0.901
1625	1625	2	1.16
1626	1626	1	0.418
1627	1627	1	-1.51
1628	1628	1	-0.85
1629	1629	2	0.791
1630	1630	2	0.285
1631	1631	1	-0.989
1632	1632	1	2.55
1633	1633	1	3.604
1634	1634	1	-1.035
1635	1635	1	1.02
1636	1636	1	1.563
1637	1637	1	-1.518
1638	1638	2	-0.783
1639	1639	1	-1.192
1640	1640	1	-2.167
1641	1641	2	1.7
1642	1642	2	2.165
1643	1643	1	0.027
1644	1644	1	0.701
1645	1645	2	-1.167
1646	1646	1	-1.923
1647	1647	2	-2.011
1648	1648	1	2.48
1649	1649	1	-0.917
1650	1650	2	1.046
1651	1651	1	-0.571
1652	1652	1	2.536
1653	1653	2	0.209
1654	1654	1	-2.827
1655	1655	1	-1.285
1656	1656	1	2.563
1657	1657	1	-0.422
1658	1658	1	2.09
1659	1659	2	1.757
1660	1660	2	-0.457
1661	1661	1	-0.881
1662	1662	2	0.207
1663	1663	2	-0.664
1664	1664	1	2.246
1665	1665	1	-1.928
1666	1666	2	3.302
1667	1667	1	-0.912
1668	1668	2	-0.717
1669	1669	2	-2.495
1670	1670	2	-0.302
1671	1671	2	1.598
1672	1672	2	-2.044
1673	1673	1	1.22
1674	1674	1	-0.787
1675	1675	2	3.298
1676	1676	1	0.954
1677	1677	2	-0.214
1678	1678	2	0.116
1679	1679	2	0.461
1680	1680	2	0.155
1681	1681	2	-0.142
1682	1682	1	2.119
1683	1683	2	-1.966
1684	1684	2	3.025
1685	1685	2	-0.583
1686	1686	2	2.084
1687	1687	2	-0.43
1688	1688	1	1.422
1689	1689	2	4.32
1690	1690	2	-1.251
1691	1691	1	1.942
1692	1692	1	-0.283
1693	1693	1	-1.942
1694	1694	1	-0.365
1695	1695	2	-2.509
1696	1696	2	-1.654
1697	1697	2	-0.907
1698	1698	1	0.459
1699	1699	2	2.607
1700	1700	2	0.804
1701	1701	1	0.082
1702	1702	2	-1.937
1703	1703	1	1.75
1704	1704	2	1.431
1705	1705	2	-0.561
1706	1706	1	2.098
1707	1707	2	0.204
1708	1708	2	0.203
1709	1709	2	2.179
1710	1710	1	1.678
1711	1711	1	-0.138
1712	1712	2	1.372
1713	1713	1	2.166
1714	1714	1	1.241
1715	1715	2	1.742
1716	1716	1	-3.138
1717	1717	2	-3.287
1718	1718	2	0.538
1719	1719	1	1.123
1720	1720	1	0.93
1721	1721	1	2.07
1722	1722	1	0.196
1723	1723	1	-0.195
1724	1724	1	1.989
1725	1725	1	-1.893
1726	1726	2	1.959
1727	1727	1	-1.889
1728	1728	2	0.564
1729	1729	1	5.638
1730	1730	1	-0.054
1731	1731	2	-0.698
1732	1732	1	1.006
1733	1733	1	0.18
1734	1734	1	0.703
1735	1735	1	-2.473
1736	1736	2	0.643
1737	1737	1	0.557
1738	1738	2	3.826
1739	1739	2	-0.814
1740	1740	1	0.57
1741	1741	2	2.301
1742	1742	2	0.121
1743	1743	2	-1.96
1744	1744	2	0.456
1745	1745	1	0.523
1746	1746	2	-3.506
1747	1747	1	-0.676
1748	1748	1	0.478
1749	1749	2	1.828
1750	1750	1	1.16
1751	1751	1	-0.378
1752	1752	1	-0.843
1753	1753	1	-0.991
1754	1754	2	-1.983
1755	1755	1	-1.303
1756	1756	1	-0.508
1757	1757	2	0.832
1758	1758	2	-5.137
1759	1759	1	-2.521
1760	1760	1	-0.429
1761	1761	2	-3.06
1762	1762	1	-0.507
1763	1763	1	1.408
1764	1764	2	1.856
1765	1765	2	-3.678
1766	1766	2	-2.145
1767	1767	1	-0.197
1768	1768	1	0.004
1769	1769	1	0.425
1770	1770	2	-0.548
1771	1771	1	0.109
1772	1772	2	-0.499
1773	1773	2	-2.179
1774	1774	2	0.979
1775	1775	2	-1.133
1776	1776	1	3.075
1777	1777	1	1.998
1778	1778	2	0.888
1779	1779	1	-0.46
1780	1780	1	3.498
1781	1781	1	1.876
1782	1782	2	0.457
1783	1783	1	3.464
1784	1784	1	-1.523
1785	1785	1	0.761
1786	1786	2	0.158
1787	1787	2	-0.744
1788	1788	2	3.184
1789	1789	2	-1.45
1790	1790	2	-2.898
1791	1791	1	0.783
1792	1792	1	-0.401
1793	1793	2	-3.463
1794	1794	2	0.167
1795	1795	1	-1.778
1796	1796	1	-2.825
1797	1797	2	0.833
1798	1798	2	1.685
1799	1799	2	-2.464
1800	1800	1	-3.455
1801	1801	1	0.518
1802	1802	1	0.378
1803	1803	2	-1.308
1804	1804	2	0.606
1805	1805	1	0.733
1806	1806	2	1.233
1807	1807	1	-0.081
1808	1808	1	-0.656
1809	1809	1	5.128
1810	1810	1	-0.269
1811	1811	1	0.183
1812	1812	2	-2.674
1813	1813	2	-1.91
1814	1814	2	-2.354
1815	1815	2	-0.726
1816	1816	2	-3.76
1817	1817	2	0.169
1818	1818	1	1.603
1819	1819	2	-3.31
1820	1820	1	1.359
1821	1821	2	-2.961
1822	1822	1	0.338
1823	1823	1	-0.343
1824	1824	2	0.305
1825	1825	1	1.492
1826	1826	2	-1.349
1827	1827	1	-0.111
1828	1828	2	-0.883
1829	1829	2	-0.374
1830	1830	2	0.135
1831	1831	2	-4.471
1832	1832	1	1.563
1833	1833	2	-0.599
1834	1834	1	-0.801
1835	1835	2	2.797
1836	1836	1	1.035
1837	1837	2	2.53
1838	1838	1	3.043
1839	1839	2	-2.59
1840	1840	1	1.378
1841	1841	2	0.554
1842	1842	1	3.285
1843	1843	2	0.203
1844	1844	2	0.653
1845	1845	1	-1.118
1846	1846	1	0.441
1847	1847	2	-2.527
1848	1848	2	-0.386
1849	1849	2	1.794
1850	1850	2	-1.067
1851	1851	1	2.888
1852	1852	1	-0.736
1853	1853	1	2.948
1854	1854	2	0.222
1855	1855	1	-1.445
1856	1856	1	0.235
1857	1857	2	-1.355
1858	1858	1	3.087
1859	1859	1	-0.778
1860	1860	2	-1.789
1861	1861	2	-2.136
1862	1862	1	-0.045
1863	1863	1	-1.393
1864	1864	1	1.708
1865	1865	2	0.182
1866	1866	2	1.571
1867	1867	2	0.872
1868	1868	1	-1.96
1869	1869	2	0.572
1870	1870	2	-0.195
1871	1871	2	0.535
1872	1872	1	1.595
1873	1873	2	-0.926
1874	1874	2	0.132
1875	1875	2	-2.156
1876	1876	1	-3.214
1877	1877	1	-0.153
1878	1878	2	0.271
1879	1879	1	0.542
1880	1880	1	-0.551
1881	1881	2	0.527
1882	1882	1	-0.161
1883	1883	2	0.721
1884	1884	2	1.379
1885	1885	1	-1.675
1886	1886	1	-0.292
1887	1887	1	-1.33
1888	1888	2	-2.266
1889	1889	2	0.97
1890	1890	1	2.104
1891	1891	1	-0.933
1892	1892	1	0.453
1893	1893	2	-0.278
1894	1894	2	1.234
1895	1895	1	1.007
1896	1896	2	-3.459
1897	1897	1	-0.31
1898	1898	2	-1.282
1899	1899	2	-3.228
1900	1900	2	-0.47
1901	1901	1	0.273
1902	1902	1	1.109
1903	1903	2	1.931
1904	1904	2	-0.562
1905	1905	2	1.801
1906	1906	2	-0.225
1907	1907	1	-1.267
1908	1908	2	-1.719
1909	1909	1	0.366
1910	1910	1	5.082
1911	1911	1	-1.056
1912	1912	1	3.463
1913	1913	1	-1.508
1914	1914	2	0.432
1915	1915	2	-1.548
1916	1916	2	-1.101
1917	1917	1	1.567
1918	1918	1	-2.387
1919	1919	2	3.488
1920	1920	1	0.582
1921	1921	1	-2.179
1922	1922	2	-0.585
1923	1923	2	-0.969
1924	1924	2	1.976
1925	1925	1	2.247
1926	1926	1	-0.474
1927	1927	2	-3.189
1928	1928	2	1.882
1929	1929	2	3.78
1930	1930	2	1.221
1931	1931	1	4.588
1932	1932	1	4.478
1933	1933	2	-1.652
1934	1934	2	-4.087
1935	1935	1	0.302
1936	1936	2	-0.28
1937	1937	1	-3.965
1938	1938	2	-1.836
1939	1939	1	2.192
1940	1940	2	2.685
1941	1941	2	-3.969
1942	1942	1	2.953
1943	1943	2	-0.281
1944	1944	2	-4.074
1945	1945	1	0.663
1946	1946	2	2.044
1947	1947	1	0.391
1948	1948	2	0.639
1949	1949	2	-4.261
1950	1950	1	-4.659
1951	1951	1	-5.48
1952	1952	2	-0.808
1953	1953	1	2.731
1954	1954	1	2.238
1955	1955	2	1.382
1956	1956	2	1.473
1957	1957	1	-0.734
1958	1958	2	0.279
1959	1959	2	-1.642
1960	1960	2	-2.105
1961	1961	1	-1.402
1962	1962	2	1.45
1963	1963	1	1.867
1964	1964	1	-2.046
1965	1965	2	-0.751
1966	1966	1	2.42
1967	1967	2	-4.323
1968	1968	2	-1.323
1969	1969	2	1.219
1970	1970	1	-0.64
1971	1971	2	1.134
1972	1972	2	3.854
1973	1973	1	0.221
1974	1974	2	-2
1975	1975	1	-1.469
1976	1976	1	-0.279
1977	1977	1	0.636
1978	1978	1	1.447
1979	1979	2	-1.282
1980	1980	2	1.918
1981	1981	1	3.764
1982	1982	2	-2.553
1983	1983	2	-1.031
1984	1984	2	1.216
1985	1985	2	-4.048
1986	1986	1	-2.577
1987	1987	2	2.182
1988	1988	2	1.466
1989	1989	2	-1.418
1990	1990	2	-3.501
1991	1991	2	-1.167
1992	1992	2	0.342
1993	1993	1	1.033
1994	1994	2	0.756
1995	1995	2	2.025
1996	1996	2	1.5
1997	1997	1	1.473
1998	1998	2	-3.105
1999	1999	2	0.723
